1		| 217096528		| 217096528	
2		| 215326120		| 432422648	
3		| 215256592		| 647679240	
4		| 216294072		| 863973312	
5		| 215092936		| 1079066248	
6		| 215205472		| 1294271720	
7		| 215118568		| 1509390288	
8		| 215015368		| 1724405656	
9		| 215385872		| 1939791528	
10		| 216042968		| 2155834496	
11		| 221220576		| 2377055072	
12		| 220769088		| 2597824160	
13		| 218414200		| 2816238360	
14		| 221499160		| 3037737520	
15		| 218685064		| 3256422584	
16		| 217213232		| 3473635816	
17		| 219695768		| 3693331584	
18		| 216849168		| 3910180752	
19		| 218357392		| 4128538144	
20		| 218435528		| 4346973672	
21		| 218736040		| 4565709712	
22		| 228904536		| 4794614248	
23		| 224610056		| 5019224304	
24		| 219765656		| 5238989960	
25		| 217914624		| 5456904584	
26		| 217596040		| 5674500624	
27		| 215686824		| 5890187448	
28		| 215495696		| 6105683144	
29		| 215397008		| 6321080152	
30		| 215241808		| 6536321960	
31		| 215539280		| 6751861240	
32		| 227407672		| 6979268912	
33		| 221424352		| 7200693264	
34		| 221107120		| 7421800384	
35		| 228344976		| 7650145360	
36		| 223381008		| 7873526368	
37		| 226138240		| 8099664608	
38		| 219225320		| 8318889928	
39		| 219687064		| 8538576992	
40		| 221754384		| 8760331376	
41		| 219710704		| 8980042080	
42		| 221769912		| 9201811992	
43		| 222639208		| 9424451200	
44		| 215768608		| 9640219808	
45		| 215303056		| 9855522864	
46		| 220636040		| 10076158904	
47		| 224088912		| 10300247816	
48		| 217333288		| 10517581104	
49		| 218693216		| 10736274320	
50		| 221783904		| 10958058224	
51		| 226249440		| 11184307664	
52		| 222978088		| 11407285752	
53		| 221781144		| 11629066896	
54		| 225285464		| 11854352360	
55		| 223907488		| 12078259848	
56		| 220972784		| 12299232632	
57		| 225713688		| 12524946320	
58		| 224532584		| 12749478904	
59		| 225974872		| 12975453776	
60		| 217852800		| 13193306576	
61		| 216793352		| 13410099928	
62		| 223823960		| 13633923888	
63		| 218226752		| 13852150640	
64		| 220692136		| 14072842776	
65		| 218719128		| 14291561904	
66		| 221665936		| 14513227840	
67		| 217628472		| 14730856312	
68		| 220779136		| 14951635448	
69		| 218294768		| 15169930216	
70		| 219555176		| 15389485392	
71		| 219661632		| 15609147024	
72		| 215709024		| 15824856048	
73		| 215570880		| 16040426928	
74		| 215701400		| 16256128328	
75		| 215304512		| 16471432840	
76		| 216419568		| 16687852408	
77		| 216130960		| 16903983368	
78		| 215207896		| 17119191264	
79		| 215293880		| 17334485144	
80		| 215803920		| 17550289064	
81		| 215167432		| 17765456496	
82		| 215960120		| 17981416616	
83		| 215093024		| 18196509640	
84		| 215304680		| 18411814320	
85		| 215219464		| 18627033784	
86		| 215231520		| 18842265304	
87		| 216602760		| 19058868064	
88		| 215820232		| 19274688296	
89		| 215968800		| 19490657096	
90		| 215928024		| 19706585120	
91		| 215402904		| 19921988024	
92		| 215238848		| 20137226872	
93		| 215658616		| 20352885488	
94		| 217445272		| 20570330760	
95		| 215218624		| 20785549384	
96		| 215223432		| 21000772816	
97		| 215215648		| 21215988464	
98		| 218651864		| 21434640328	
99		| 215911624		| 21650551952	
