1 848736416 848736416
2 846938432 1695674848
3 847112368 2542787216
4 847719256 3390506472
5 847314072 4237820544
6 848486616 5086307160
7 848578008 5934885168
8 850716880 6785602048
9 870327840 7655929888
10 848264008 8504193896
11 848577936 9352771832
12 848901424 10201673256
13 847756208 11049429464
14 846926416 11896355880
15 846535648 12742891528
16 846920408 13589811936
17 846791408 14436603344
18 846599936 15283203280
19 847975552 16131178832
20 848445104 16979623936
21 853904288 17833528224
22 858432696 18691960920
23 851389304 19543350224
24 848442560 20391792784
25 855090072 21246882856
26 853330848 22100213704
27 847161344 22947375048
28 847431264 23794806312
29 847055576 24641861888
30 847103776 25488965664
31 846888016 26335853680
32 848424176 27184277856
33 848361840 28032639696
34 848039352 28880679048
35 847859880 29728538928
36 847769952 30576308880
37 848394968 31424703848
38 848237632 32272941480
39 848411384 33121352864
40 854278216 33975631080
41 849789712 34825420792
42 846679848 35672100640
43 845656840 36517757480
44 845068728 37362826208
45 857881776 38220707984
46 851879776 39072587760
47 849201688 39921789448
48 847814040 40769603488
49 846522968 41616126456
50 846820752 42462947208
51 847541072 43310488280
52 847253072 44157741352
53 847339832 45005081184
54 848424144 45853505328
55 847322624 46700827952
56 852663648 47553491600
57 847085392 48400576992
58 849629744 49250206736
59 852996272 50103203008
60 857357192 50960560200
61 850909920 51811470120
62 847021136 52658491256
63 852717232 53511208488
64 848293624 54359502112
65 849473152 55208975264
66 847674904 56056650168
67 848163512 56904813680
68 847266656 57752080336
69 847770304 58599850640
70 847151992 59447002632
71 847256736 60294259368
72 847268888 61141528256
73 847820160 61989348416
74 853668336 62843016752
75 849724360 63692741112
76 847558576 64540299688
77 849191632 65389491320
78 847241120 66236732440
79 848571584 67085304024
80 848099512 67933403536
81 849197328 68782600864
82 847728720 69630329584
83 848740432 70479070016
84 848056704 71327126720
85 848468968 72175595688
86 849642080 73025237768
87 848635520 73873873288
88 846711408 74720584696
89 846041392 75566626088
90 845398368 76412024456
91 845578040 77257602496
92 845798120 78103400616
93 845746232 78949146848
94 845990616 79795137464
95 845757488 80640894952
96 849187936 81490082888
97 845946624 82336029512
98 845324904 83181354416
99 846067152 84027421568
