1 246642608 246642608
2 245332640 491975248
3 245179032 737154280
4 245171640 982325920
5 245497656 1227823576
6 245079448 1472903024
7 245059600 1717962624
8 245042248 1963004872
9 246603072 2209607944
10 248948888 2458556832
11 248217128 2706773960
12 244983680 2951757640
13 244237040 3195994680
14 244792696 3440787376
15 245448400 3686235776
16 245616328 3931852104
17 244960096 4176812200
18 244504776 4421316976
19 244619872 4665936848
20 244585016 4910521864
21 244267704 5154789568
22 244127144 5398916712
23 244209968 5643126680
24 244568056 5887694736
25 244166440 6131861176
26 244285072 6376146248
27 244207272 6620353520
28 244224800 6864578320
29 244753920 7109332240
30 244238552 7353570792
31 244207696 7597778488
32 244174200 7841952688
33 245195920 8087148608
34 245534448 8332683056
35 245069096 8577752152
36 245147760 8822899912
37 245214248 9068114160
38 245087352 9313201512
39 245560704 9558762216
40 245085128 9803847344
41 245040464 10048887808
42 245744800 10294632608
43 246271360 10540903968
44 248031544 10788935512
45 247149608 11036085120
46 247117072 11283202192
47 247899176 11531101368
48 248403728 11779505096
49 247163856 12026668952
50 246233048 12272902000
51 245978536 12518880536
52 245178624 12764059160
53 244848472 13008907632
54 244301864 13253209496
55 244200752 13497410248
56 244281768 13741692016
57 244338800 13986030816
58 244609328 14230640144
59 244181928 14474822072
60 244224864 14719046936
61 244282040 14963328976
62 244241632 15207570608
63 244996024 15452566632
64 244249920 15696816552
65 249013096 15945829648
66 244588680 16190418328
67 244201960 16434620288
68 244537840 16679158128
69 244206864 16923364992
70 244229152 17167594144
71 244179168 17411773312
72 244195824 17655969136
73 244472088 17900441224
74 244237064 18144678288
75 244181792 18388860080
76 256471800 18645331880
77 247788160 18893120040
78 248191360 19141311400
79 249901352 19391212752
80 248210720 19639423472
81 246306752 19885730224
82 244519520 20130249744
83 248471592 20378721336
84 246501520 20625222856
85 244216568 20869439424
86 244823152 21114262576
87 245308552 21359571128
88 244389936 21603961064
89 244952008 21848913072
90 244545200 22093458272
91 244403792 22337862064
92 244601096 22582463160
93 244655080 22827118240
94 244322232 23071440472
95 244744056 23316184528
96 245068816 23561253344
97 246232784 23807486128
98 246252040 24053738168
99 249344056 24303082224
