1 2596298464
2 2596409120
3 2609850656
4 2594218304
5 2589151248
6 2589248216
7 2589577632
8 2589672264
9 2589750056
10 2589574024
11 2592115000
12 2610794296
13 2639125832
14 2599321080
15 2593619824
16 2597412112
17 2593781784
18 2589641304
19 2596689928
20 2592452184
21 2589025240
22 2599940928
23 2597596680
24 2610821328
25 2596056808
26 2597401872
27 2597360200
28 2594738720
29 2591684664
30 2607805480
31 2589124712
32 2595692328
33 2587560432
34 2588873176
35 2596306840
36 2589663120
37 2590503440
38 2632336384
39 2624862488
40 2621868864
41 2612981168
42 2613363936
43 2630941632
44 2610983176
45 2636093152
46 2617271992
47 2602528392
48 2598372592
49 2590213768
50 2590950592
51 2593545544
52 2592791136
53 2590281104
54 2596626888
55 2612997920
56 2610183128
57 2611728832
58 2605125312
59 2609387128
60 2613978592
61 2591095328
62 2590927616
63 2592466576
64 2608196112
65 2599591832
66 2598094520
67 2597657344
68 2594543800
69 2596102800
70 2595272200
71 2599077464
72 2592652648
73 2604951488
74 2593381696
75 2595454088
76 2595573816
77 2596231736
78 2594650816
79 2601811680
80 2593908816
81 2593208496
82 2591459936
83 2591283672
84 2593416584
85 2592904064
86 2592142032
87 2593407232
88 2600165664
89 2592365736
90 2591745256
91 2593752536
92 2592695368
93 2596086432
94 2596006936
95 2596335800
96 2599639688
97 2594153944
98 2599923752
99 2591909784
