1		| 2633717552		| 2633717552	
2		| 2631274656		| 5264992208	
3		| 2634326696		| 7899318904	
4		| 2639410504		| 10538729408	
5		| 2636983840		| 13175713248	
6		| 2639594496		| 15815307744	
7		| 2636692520		| 18452000264	
8		| 2631015320		| 21083015584	
9		| 2631433920		| 23714449504	
10		| 2636113688		| 26350563192	
11		| 2632794800		| 28983357992	
12		| 2635871480		| 31619229472	
13		| 2634747448		| 34253976920	
14		| 2633985464		| 36887962384	
15		| 2639811072		| 39527773456	
16		| 2634072888		| 42161846344	
17		| 2639242376		| 44801088720	
18		| 2637321472		| 47438410192	
19		| 2636022152		| 50074432344	
20		| 2636979312		| 52711411656	
21		| 2639370496		| 55350782152	
22		| 2636381136		| 57987163288	
23		| 2632588776		| 60619752064	
24		| 2635163760		| 63254915824	
25		| 2632482016		| 65887397840	
26		| 2627000720		| 68514398560	
27		| 2627909632		| 71142308192	
28		| 2644478432		| 73786786624	
29		| 2631924968		| 76418711592	
30		| 2635796008		| 79054507600	
31		| 2636754640		| 81691262240	
32		| 2631625096		| 84322887336	
33		| 2633168360		| 86956055696	
34		| 2636528480		| 89592584176	
35		| 2639285160		| 92231869336	
36		| 2634212696		| 94866082032	
37		| 2638608976		| 97504691008	
38		| 2632180352		| 100136871360	
39		| 2633559664		| 102770431024	
40		| 2637875472		| 105408306496	
41		| 2642618496		| 108050924992	
42		| 2654333464		| 110705258456	
43		| 2633468072		| 113338726528	
44		| 2640284112		| 115979010640	
45		| 2635156128		| 118614166768	
46		| 2637039376		| 121251206144	
47		| 2639706712		| 123890912856	
48		| 2640540712		| 126531453568	
49		| 2638929192		| 129170382760	
50		| 2639559008		| 131809941768	
51		| 2634539096		| 134444480864	
52		| 2643028488		| 137087509352	
53		| 2636630080		| 139724139432	
54		| 2635511360		| 142359650792	
55		| 2630428064		| 144990078856	
56		| 2643534312		| 147633613168	
57		| 2628375968		| 150261989136	
58		| 2637663408		| 152899652544	
59		| 2633112984		| 155532765528	
60		| 2653946056		| 158186711584	
61		| 2635765008		| 160822476592	
62		| 2638817656		| 163461294248	
63		| 2636778856		| 166098073104	
64		| 2634252008		| 168732325112	
65		| 2641545360		| 171373870472	
66		| 2650759104		| 174024629576	
67		| 2669895944		| 176694525520	
68		| 2630827520		| 179325353040	
69		| 2632406816		| 181957759856	
70		| 2630717920		| 184588477776	
71		| 2635346256		| 187223824032	
72		| 2710119656		| 189933943688	
73		| 2635087312		| 192569031000	
74		| 2632552832		| 195201583832	
75		| 2631662840		| 197833246672	
76		| 2630909552		| 200464156224	
77		| 2627804952		| 203091961176	
78		| 2627045184		| 205719006360	
79		| 2626425424		| 208345431784	
80		| 2626278752		| 210971710536	
81		| 2628826864		| 213600537400	
82		| 2625761368		| 216226298768	
83		| 2629773096		| 218856071864	
84		| 2630249816		| 221486321680	
85		| 2630112136		| 224116433816	
86		| 2630883720		| 226747317536	
87		| 2627051720		| 229374369256	
88		| 2630809832		| 232005179088	
89		| 2629746272		| 234634925360	
90		| 2631090872		| 237266016232	
91		| 2631118144		| 239897134376	
92		| 2629752960		| 242526887336	
93		| 2630760640		| 245157647976	
94		| 2630631448		| 247788279424	
95		| 2628950808		| 250417230232	
96		| 2628843776		| 253046074008	
97		| 2629040976		| 255675114984	
98		| 2629175112		| 258304290096	
99		| 2628494232		| 260932784328	
1		| 2638154568		| 2638154568	
2		| 2647399248		| 5285553816	
3		| 2644128280		| 7929682096	
4		| 2644185552		| 10573867648	
5		| 2643712464		| 13217580112	
6		| 2644262160		| 15861842272	
7		| 2644354352		| 18506196624	
8		| 2643288640		| 21149485264	
9		| 2643770784		| 23793256048	
10		| 2648074352		| 26441330400	
11		| 2643339312		| 29084669712	
12		| 2643438800		| 31728108512	
13		| 2643464944		| 34371573456	
14		| 2643442192		| 37015015648	
15		| 2643702368		| 39658718016	
16		| 2642830672		| 42301548688	
17		| 2643150856		| 44944699544	
18		| 2647379688		| 47592079232	
19		| 2643311792		| 50235391024	
20		| 2643018672		| 52878409696	
21		| 2643660456		| 55522070152	
22		| 2643216688		| 58165286840	
23		| 2643516624		| 60808803464	
24		| 2643385576		| 63452189040	
25		| 2644143888		| 66096332928	
26		| 2647537216		| 68743870144	
27		| 2643774576		| 71387644720	
28		| 2643493136		| 74031137856	
29		| 2643536408		| 76674674264	
30		| 2645082016		| 79319756280	
31		| 2644104232		| 81963860512	
32		| 2642623288		| 84606483800	
33		| 2643917304		| 87250401104	
34		| 2647928416		| 89898329520	
35		| 2643242072		| 92541571592	
36		| 2643362176		| 95184933768	
37		| 2644454792		| 97829388560	
38		| 2643412672		| 100472801232	
39		| 2644360616		| 103117161848	
40		| 2646120728		| 105763282576	
41		| 2642810504		| 108406093080	
42		| 2647836136		| 111053929216	
43		| 2645227872		| 113699157088	
44		| 2645783576		| 116344940664	
45		| 2642540152		| 118987480816	
46		| 2643104960		| 121630585776	
47		| 2643715344		| 124274301120	
48		| 2643381480		| 126917682600	
49		| 2644160792		| 129561843392	
50		| 2648402136		| 132210245528	
51		| 2643815600		| 134854061128	
52		| 2645742288		| 137499803416	
53		| 2644708328		| 140144511744	
54		| 2642671256		| 142787183000	
55		| 2644379544		| 145431562544	
56		| 2643182280		| 148074744824	
57		| 2643180240		| 150717925064	
58		| 2648141936		| 153366067000	
59		| 2643699656		| 156009766656	
60		| 2642700552		| 158652467208	
61		| 2643761656		| 161296228864	
62		| 2645510248		| 163941739112	
63		| 2645783832		| 166587522944	
64		| 2645742768		| 169233265712	
65		| 2648839528		| 171882105240	
66		| 2644538160		| 174526643400	
67		| 2645552128		| 177172195528	
68		| 2645193920		| 179817389448	
69		| 2644998624		| 182462388072	
70		| 2643966032		| 185106354104	
71		| 2646184640		| 187752538744	
72		| 2643910088		| 190396448832	
73		| 2645771168		| 193042220000	
74		| 2647220464		| 195689440464	
75		| 2646060272		| 198335500736	
76		| 2646191592		| 200981692328	
77		| 2643436416		| 203625128744	
78		| 2646470832		| 206271599576	
79		| 2647823384		| 208919422960	
80		| 2648805808		| 211568228768	
81		| 2647059832		| 214215288600	
82		| 2646051968		| 216861340568	
83		| 2643262128		| 219504602696	
84		| 2644822528		| 222149425224	
85		| 2643951632		| 224793376856	
86		| 2643492584		| 227436869440	
87		| 2643887144		| 230080756584	
88		| 2644587232		| 232725343816	
89		| 2642156888		| 235367500704	
90		| 2646692736		| 238014193440	
91		| 2643925296		| 240658118736	
92		| 2642702480		| 243300821216	
93		| 2643125624		| 245943946840	
94		| 2642477400		| 248586424240	
95		| 2642763976		| 251229188216	
96		| 2643021712		| 253872209928	
97		| 2643865104		| 256516075032	
98		| 2648538568		| 259164613600	
99		| 2642473792		| 261807087392	
