1 76901128
2 76731352
3 76237184
4 75921312
5 75907120
6 75887664
7 75915152
8 75897240
9 75958496
10 75915208
11 75897856
12 75126440
13 75226256
14 75116984
15 75115696
16 75102256
17 75103008
18 75112936
19 75106840
20 75119744
21 75140664
22 75103608
23 75124192
24 75119648
25 75116344
26 75208920
27 75278504
28 75120408
29 75112488
30 75114832
31 75156192
32 75105888
33 75121672
34 75120288
35 75116544
36 75122376
37 75119608
38 75125176
39 75129232
40 75252480
41 75140960
42 75164352
43 75152592
44 75116456
45 75236504
46 75420352
47 75166528
48 75135744
49 75112560
50 75115288
51 75136416
52 75133064
53 75289568
54 75353416
55 75250120
56 75177728
57 75129776
58 75116312
59 75123136
60 75103992
61 75109768
62 75119968
63 75124072
64 75178824
65 75124416
66 75142752
67 75348520
68 75125992
69 75129632
70 75117416
71 75107416
72 75170032
73 75118504
74 75108192
75 75118616
76 75135760
77 75127856
78 75122560
79 75100680
80 75140616
81 75167632
82 75126600
83 75124776
84 75120552
85 75112328
86 75126944
87 75249752
88 75279816
89 75184128
90 75115280
91 75111440
92 75129016
93 75109056
94 75284456
95 75116088
96 75118328
97 75120568
98 75113176
99 75132976
