1 72150000 72150000
2 71713272 143863272
3 71501000 215364272
4 71300688 286664960
5 71309760 357974720
6 71326904 429301624
7 71324536 500626160
8 71330432 571956592
9 71323992 643280584
10 71299088 714579672
11 71324736 785904408
12 71310144 857214552
13 71270016 928484568
14 71429024 999913592
15 71338176 1071251768
16 71377088 1142628856
17 71316400 1213945256
18 71299816 1285245072
19 71322408 1356567480
20 71331112 1427898592
21 71317824 1499216416
22 71335264 1570551680
23 71292192 1641843872
24 71319912 1713163784
25 71323104 1784486888
26 71339904 1855826792
27 71348696 1927175488
28 71498112 1998673600
29 71351824 2070025424
30 71300856 2141326280
31 71444360 2212770640
32 72088136 2284858776
33 71599656 2356458432
34 71555344 2428013776
35 71632744 2499646520
36 71398384 2571044904
37 71472144 2642517048
38 71334240 2713851288
39 71660312 2785511600
40 71705296 2857216896
41 71928960 2929145856
42 71639968 3000785824
43 71759776 3072545600
44 71899600 3144445200
45 72061488 3216506688
46 71834176 3288340864
47 72146224 3360487088
48 71999072 3432486160
49 71836696 3504322856
50 72408016 3576730872
51 71821456 3648552328
52 71887160 3720439488
53 71652032 3792091520
54 71658608 3863750128
55 72014000 3935764128
56 70691864 4006455992
57 70630080 4077086072
58 70564704 4147650776
59 70524672 4218175448
60 70558880 4288734328
61 70521832 4359256160
62 70586144 4429842304
63 70504304 4500346608
64 70536072 4570882680
65 70547712 4641430392
66 70532672 4711963064
67 70847096 4782810160
68 70692088 4853502248
69 70698360 4924200608
70 70629808 4994830416
71 70570240 5065400656
72 70526152 5135926808
73 70556256 5206483064
74 70523464 5277006528
75 70552456 5347558984
76 70576616 5418135600
77 70531480 5488667080
78 70527648 5559194728
79 70521696 5629716424
80 70600792 5700317216
81 70521360 5770838576
82 70533752 5841372328
83 70531320 5911903648
84 70708392 5982612040
85 70544688 6053156728
86 70520000 6123676728
87 70531120 6194207848
88 70527496 6264735344
89 70536768 6335272112
90 70574000 6405846112
91 70520824 6476366936
92 70531744 6546898680
93 70542280 6617440960
94 70561120 6688002080
95 70563848 6758565928
96 70541616 6829107544
97 70546520 6899654064
98 70792848 6970446912
99 70541416 7040988328
