1 76790832 76790832
2 75211568 152002400
3 75146544 227148944
4 75125944 302274888
5 75132368 377407256
6 75129296 452536552
7 75124344 527660896
8 75119720 602780616
9 75121600 677902216
10 75127576 753029792
11 75121384 828151176
12 75129160 903280336
13 75125616 978405952
14 75184960 1053590912
15 75131360 1128722272
16 75155728 1203878000
17 75133320 1279011320
18 75162648 1354173968
19 75130448 1429304416
20 75174432 1504478848
21 75109264 1579588112
22 75128712 1654716824
23 75283952 1730000776
24 75154072 1805154848
25 75174760 1880329608
26 76067960 1956397568
27 75243304 2031640872
28 75729328 2107370200
29 75354376 2182724576
30 75165288 2257889864
31 75190832 2333080696
32 78739384 2411820080
33 75514368 2487334448
34 75930568 2563265016
35 75998592 2639263608
36 76123592 2715387200
37 76171048 2791558248
38 76074192 2867632440
39 76317168 2943949608
40 76106296 3020055904
41 76066296 3096122200
42 75736192 3171858392
43 75534584 3247392976
44 75193800 3322586776
45 75194120 3397780896
46 75230912 3473011808
47 75525504 3548537312
48 75166680 3623703992
49 75540488 3699244480
50 75362800 3774607280
51 75363784 3849971064
52 75206392 3925177456
53 75141880 4000319336
54 75295384 4075614720
55 75195792 4150810512
56 75154152 4225964664
57 75195088 4301159752
58 75160376 4376320128
59 75317152 4451637280
60 75172152 4526809432
61 75210312 4602019744
62 75232464 4677252208
63 75185640 4752437848
64 75176456 4827614304
65 75224104 4902838408
66 75178656 4978017064
67 75265160 5053282224
68 76146144 5129428368
69 76032592 5205460960
70 76199576 5281660536
71 76063040 5357723576
72 75933656 5433657232
73 76399840 5510057072
74 76068664 5586125736
75 76473000 5662598736
76 76063496 5738662232
77 76674480 5815336712
78 76049800 5891386512
79 76071728 5967458240
80 76183776 6043642016
81 76055744 6119697760
82 76542808 6196240568
83 76127640 6272368208
84 75922296 6348290504
85 76570504 6424861008
86 75146584 6500007592
87 75151400 6575158992
88 75139008 6650298000
89 75123768 6725421768
90 75122712 6800544480
91 75163064 6875707544
92 75134136 6950841680
93 75139800 7025981480
94 75151160 7101132640
95 75160912 7176293552
96 75168360 7251461912
97 75116608 7326578520
98 75129368 7401707888
99 75121168 7476829056
