1 2603799112 2603799112
2 2606184760 5209983872
3 2616364928 7826348800
4 2606319672 10432668472
5 2599449784 13032118256
6 2598943360 15631061616
7 2600150352 18231211968
8 2599584072 20830796040
9 2598964744 23429760784
10 2602279248 26032040032
11 2603986904 28636026936
12 2604294288 31240321224
13 2601027424 33841348648
14 2600660664 36442009312
15 2598872936 39040882248
16 2604865344 41645747592
17 2605230920 44250978512
18 2606669640 46857648152
19 2604455976 49462104128
20 2615795896 52077900024
21 2616321312 54694221336
22 2607403672 57301625008
23 2609690000 59911315008
24 2605504056 62516819064
25 2604466616 65121285680
26 2605964784 67727250464
27 2606179600 70333430064
28 2640073376 72973503440
29 2680641816 75654145256
30 2602961992 78257107248
31 2605398736 80862505984
32 2602884104 83465390088
33 2603055648 86068445736
34 2598407360 88666853096
35 2602845888 91269698984
36 2604240736 93873939720
37 2600815312 96474755032
38 2602814304 99077569336
39 2602722696 101680292032
40 2605057056 104285349088
41 2612281808 106897630896
42 2603477912 109501108808
43 2605861040 112106969848
44 2603154104 114710123952
45 2603959504 117314083456
46 2603089752 119917173208
47 2601807544 122518980752
48 2599598408 125118579160
49 2600035160 127718614320
50 2598915928 130317530248
51 2598550648 132916080896
52 2596838624 135512919520
53 2603439416 138116358936
54 2599551984 140715910920
55 2614112176 143330023096
56 2607332912 145937356008
57 2605258256 148542614264
58 2606411416 151149025680
59 2600710192 153749735872
60 2600479448 156350215320
61 2600670760 158950886080
62 2601942992 161552829072
63 2600792440 164153621512
64 2600567704 166754189216
65 2600393016 169354582232
66 2603656928 171958239160
67 2600427392 174558666552
68 2600799184 177159465736
69 2600224672 179759690408
70 2601607088 182361297496
71 2600491240 184961788736
72 2601594608 187563383344
73 2606259096 190169642440
74 2606179360 192775821800
75 2604591248 195380413048
76 2600704904 197981117952
77 2600750744 200581868696
78 2606524056 203188392752
79 2606766944 205795159696
80 2603344560 208398504256
81 2601300376 210999804632
82 2603483688 213603288320
83 2601368384 216204656704
84 2600289424 218804946128
85 2600862984 221405809112
86 2601856064 224007665176
87 2610398880 226618064056
88 2611973616 229230037672
89 2610619632 231840657304
90 2617445528 234458102832
91 2624035216 237082138048
92 2671908560 239754046608
93 2629096944 242383143552
94 2668674552 245051818104
95 2626532576 247678350680
96 2661095840 250339446520
97 2618122632 252957569152
98 2631995720 255589564872
99 2615178344 258204743216
