1 845462168
2 846039816
3 846089320
4 845772824
5 858944736
6 844038880
7 844194168
8 843458984
9 845710864
10 845081376
11 843918432
12 845990024
13 845967952
14 852896304
15 845220072
16 847595208
17 846001048
18 846012304
19 846353408
20 846601344
21 845724344
22 844259608
23 844080192
24 844788560
25 844167864
26 843695376
27 842792880
28 842799880
29 842710608
30 842794576
31 842607664
32 842723304
33 842357856
34 842462952
35 842664240
36 842526672
37 842595896
38 842452376
39 842619272
40 842737808
41 843931848
42 843957136
43 843856488
44 843877072
45 843738432
46 843733112
47 843765632
48 844025400
49 844057664
50 844000016
51 843831392
52 844485160
53 843535568
54 846399168
55 842738136
56 842271264
57 842871408
58 842749168
59 842521928
60 842365240
61 842738056
62 842541904
63 854223872
64 842964456
65 843144584
66 843388592
67 842957528
68 844234280
69 842330048
70 843529696
71 842475744
72 843676288
73 842471192
74 843777960
75 842408128
76 843528832
77 843427816
78 843765512
79 843245688
80 843371448
81 843268208
82 843975808
83 842504936
84 842716008
85 842483216
86 842313368
87 842668504
88 842692152
89 842472024
90 842338920
91 842493784
92 842227272
93 842487744
94 842474512
95 842331336
96 842328136
97 842501880
98 842966192
99 842678992
