1 72234320
2 71922320
3 70656584
4 71523000
5 71688192
6 71560720
7 71846824
8 71690360
9 71680544
10 71685280
11 71891608
12 71693456
13 71637056
14 71646184
15 72745096
16 71680528
17 71664232
18 71664808
19 71715984
20 71682304
21 71693032
22 71723000
23 73353168
24 71955184
25 72140488
26 71955136
27 70886072
28 71745064
29 71740872
30 71650192
31 72488744
32 71680984
33 71675072
34 71655296
35 72037264
36 71897552
37 71903624
38 71719264
39 72916928
40 71778712
41 72208072
42 72309384
43 72017352
44 72145328
45 72030872
46 72112328
47 72536944
48 71641584
49 71674104
50 71676192
51 71670952
52 71673024
53 71627848
54 71632080
55 71815528
56 72759680
57 72030568
58 72121368
59 70955824
60 73102784
61 70812200
62 71542312
63 72214344
64 81684880
65 72510200
66 74392032
67 76971832
68 71996040
69 72299872
70 73103104
71 72133352
72 71278312
73 72817448
74 72573768
75 72441432
76 72032440
77 72013384
78 71722944
79 71918264
80 72684608
81 71934928
82 72003008
83 72008280
84 71852824
85 71702504
86 71848296
87 72724712
88 72604416
89 71856328
90 72613072
91 73332008
92 140169984
93 78121248
94 72120136
95 73842944
96 73002584
97 72336000
98 71959568
99 71985264
