1 216784152
2 214423536
3 214068264
4 214016384
5 214270648
6 214027976
7 214029536
8 213993672
9 214003072
10 219474024
11 218881400
12 214698848
13 213970776
14 214502264
15 214850176
16 214134632
17 214013264
18 214012944
19 214066144
20 214032344
21 214919752
22 214027808
23 214155976
24 213975672
25 213993944
26 215812496
27 214085496
28 214117456
29 214027528
30 214096944
31 214077568
32 215142984
33 214015840
34 214259984
35 214117512
36 214083408
37 215390576
38 214096664
39 214081992
40 214051928
41 214141144
42 214133280
43 214438624
44 214009800
45 214062928
46 214138672
47 214031808
48 215418416
49 214067288
50 214045688
51 214149616
52 214089016
53 215802776
54 215015568
55 214878528
56 214874000
57 214886856
58 214932464
59 215858336
60 214887680
61 214829824
62 214867456
63 219741616
64 216203552
65 214938152
66 214887968
67 214877928
68 214968928
69 215020328
70 214543912
71 214213952
72 214094664
73 214115208
74 214507168
75 215102176
76 214057976
77 214061792
78 214096528
79 214024944
80 214054656
81 214291528
82 214155624
83 214023136
84 214065144
85 214038920
86 215056016
87 214133816
88 214091384
89 214011320
90 214118040
91 214005296
92 214102960
93 214059104
94 214337328
95 214190384
96 214137552
97 215076848
98 214119160
99 214123456
