1 216497560 216497560
2 216351384 432848944
3 216337000 649185944
4 216545944 865731888
5 215740144 1081472032
6 215572480 1297044512
7 215931776 1512976288
8 215934784 1728911072
9 216932248 1945843320
10 217405496 2163248816
11 218528944 2381777760
12 217133832 2598911592
13 215845616 2814757208
14 215810784 3030567992
15 215653040 3246221032
16 218603720 3464824752
17 221138152 3685962904
18 218816320 3904779224
19 218198648 4122977872
20 217702920 4340680792
21 216289808 4556970600
22 217077488 4774048088
23 215616888 4989664976
24 215783336 5205448312
25 217093560 5422541872
26 215762288 5638304160
27 216416168 5854720328
28 215785344 6070505672
29 215836520 6286342192
30 216320320 6502662512
31 216170016 6718832528
32 215740448 6934572976
33 215917936 7150490912
34 217106760 7367597672
35 216741376 7584339048
36 216711464 7801050512
37 215766208 8016816720
38 216113496 8232930216
39 216133224 8449063440
40 218660120 8667723560
41 215665288 8883388848
42 215744232 9099133080
43 216474520 9315607600
44 215775968 9531383568
45 215770440 9747154008
46 215827032 9962981040
47 216688808 10179669848
48 216153688 10395823536
49 216063104 10611886640
50 215928248 10827814888
51 216013488 11043828376
52 217236312 11261064688
53 215856968 11476921656
54 215900904 11692822560
55 215018232 11907840792
56 214841968 12122682760
57 215184832 12337867592
58 216830064 12554697656
59 214764984 12769462640
60 214795096 12984257736
61 214882960 13199140696
62 214856376 13413997072
63 216792960 13630790032
64 215718760 13846508792
65 215922424 14062431216
66 216406352 14278837568
67 215677200 14494514768
68 215567064 14710081832
69 216052904 14926134736
70 216028872 15142163608
71 217215528 15359379136
72 216645360 15576024496
73 215634800 15791659296
74 216666840 16008326136
75 216387168 16224713304
76 215997024 16440710328
77 215702112 16656412440
78 217089784 16873502224
79 217618824 17091121048
80 215635840 17306756888
81 215656800 17522413688
82 215548648 17737962336
83 216037440 17953999776
84 215974888 18169974664
85 216671728 18386646392
86 215857144 18602503536
87 215687592 18818191128
88 215725328 19033916456
89 215658304 19249574760
90 216835472 19466410232
91 216016920 19682427152
92 215748120 19898175272
93 216062600 20114237872
94 215819872 20330057744
95 215692400 20545750144
96 216255632 20762005776
97 216120696 20978126472
98 215796984 21193923456
99 215877936 21409801392
