1		| 248860360		| 248860360	
2		| 246889576		| 495749936	
3		| 246981896		| 742731832	
4		| 246721512		| 989453344	
5		| 246865784		| 1236319128	
6		| 246799504		| 1483118632	
7		| 246747088		| 1729865720	
8		| 246940048		| 1976805768	
9		| 246698696		| 2223504464	
10		| 246806520		| 2470310984	
11		| 246716640		| 2717027624	
12		| 246861512		| 2963889136	
13		| 246836472		| 3210725608	
14		| 246860448		| 3457586056	
15		| 247548648		| 3705134704	
16		| 246817136		| 3951951840	
17		| 247129488		| 4199081328	
18		| 246888032		| 4445969360	
19		| 246754832		| 4692724192	
20		| 246776376		| 4939500568	
21		| 246825576		| 5186326144	
22		| 247064720		| 5433390864	
23		| 246714440		| 5680105304	
24		| 246790496		| 5926895800	
25		| 246714888		| 6173610688	
26		| 246819032		| 6420429720	
27		| 246998344		| 6667428064	
28		| 246807744		| 6914235808	
29		| 246857528		| 7161093336	
30		| 246882480		| 7407975816	
31		| 246792856		| 7654768672	
32		| 247140528		| 7901909200	
33		| 246766848		| 8148676048	
34		| 246901408		| 8395577456	
35		| 246817640		| 8642395096	
36		| 246783896		| 8889178992	
37		| 246890192		| 9136069184	
38		| 246848208		| 9382917392	
39		| 246828136		| 9629745528	
40		| 246806208		| 9876551736	
41		| 247030416		| 10123582152	
42		| 247867664		| 10371449816	
43		| 247636880		| 10619086696	
44		| 247637056		| 10866723752	
45		| 247694224		| 11114417976	
46		| 248360624		| 11362778600	
47		| 246794616		| 11609573216	
48		| 246818208		| 11856391424	
49		| 246814600		| 12103206024	
50		| 246896440		| 12350102464	
51		| 246988176		| 12597090640	
52		| 246716760		| 12843807400	
53		| 246841856		| 13090649256	
54		| 246828616		| 13337477872	
55		| 246738904		| 13584216776	
56		| 246961896		| 13831178672	
57		| 246768816		| 14077947488	
58		| 250542912		| 14328490400	
59		| 247613176		| 14576103576	
60		| 247943720		| 14824047296	
61		| 247924848		| 15071972144	
62		| 247704384		| 15319676528	
63		| 248185792		| 15567862320	
64		| 247659608		| 15815521928	
65		| 248414448		| 16063936376	
66		| 247747048		| 16311683424	
67		| 247621312		| 16559304736	
68		| 247621352		| 16806926088	
69		| 248214912		| 17055141000	
70		| 247951080		| 17303092080	
71		| 247766848		| 17550858928	
72		| 247661064		| 17798519992	
73		| 247750136		| 18046270128	
74		| 247898352		| 18294168480	
75		| 247838032		| 18542006512	
76		| 247790784		| 18789797296	
77		| 247837920		| 19037635216	
78		| 247697952		| 19285333168	
79		| 247999232		| 19533332400	
80		| 247725208		| 19781057608	
81		| 247654856		| 20028712464	
82		| 247641064		| 20276353528	
83		| 247650896		| 20524004424	
84		| 247922248		| 20771926672	
85		| 247834864		| 21019761536	
86		| 247680976		| 21267442512	
87		| 246832024		| 21514274536	
88		| 246816856		| 21761091392	
89		| 246777208		| 22007868600	
90		| 246794120		| 22254662720	
91		| 246740696		| 22501403416	
92		| 246753752		| 22748157168	
93		| 246817280		| 22994974448	
94		| 246800224		| 23241774672	
95		| 246853784		| 23488628456	
96		| 246821992		| 23735450448	
97		| 247017056		| 23982467504	
98		| 246821528		| 24229289032	
99		| 246741736		| 24476030768	
