1 246475760
2 245315888
3 246035272
4 246943928
5 247914568
6 247373624
7 247356728
8 247162856
9 246738056
10 247825832
11 247749264
12 246915152
13 247390360
14 245893744
15 245663248
16 247318872
17 245165648
18 248959496
19 248267896
20 247074072
21 245986976
22 247725440
23 246012912
24 246040472
25 247295568
26 246101352
27 245832128
28 245227672
29 245495832
30 245145456
31 250226592
32 245214224
33 244970600
34 245864784
35 246302840
36 248022608
37 248008776
38 248237656
39 247817128
40 245993112
41 245125440
42 244959592
43 245019616
44 244984536
45 245454824
46 245003704
47 245456728
48 245131656
49 245205888
50 245432480
51 245009296
52 245047848
53 245208856
54 245230816
55 245027176
56 245054360
57 245579520
58 247570688
59 247056136
60 247692952
61 247536472
62 246320040
63 245369864
64 247788216
65 247000816
66 247084800
67 246160616
68 245473128
69 245053344
70 245350952
71 245259416
72 245519944
73 245192320
74 247885424
75 247984784
76 246569608
77 248352896
78 247220120
79 244746888
80 244261400
81 245187976
82 246076936
83 246067384
84 244706376
85 244697544
86 247097256
87 245102416
88 244676784
89 246187200
90 245213448
91 245588888
92 245809200
93 245476136
94 244089144
95 245788696
96 245438240
97 244404576
98 245483808
99 244042144
