0		 0
1		 26386049
2		 11722380
3		 11655192
4		 11779680
5		 11757516
6		 11603340
7		 11737890
8		 11807169
9		 11731089
10		 11732331
11		 11825364
12		 11619750
13		 11631777
14		 11621037
15		 11640699
16		 11602476
17		 11620848
18		 11764572
19		 11782734
20		 11637945
21		 11803545
22		 11804268
23		 11708094
24		 11720484
25		 11724576
26		 11747286
27		 11782707
28		 11794389
29		 11970069
30		 11884077
31		 11895843
32		 11917527
33		 11917752
34		 11975556
35		 12019200
36		 12161514
37		 12175917
38		 12024534
39		 12073785
40		 12064131
41		 12111891
42		 12114000
43		 12160221
44		 12307479
45		 12200823
46		 12209547
47		 12251910
48		 12270159
49		 12234492
50		 12395940
51		 12268986
52		 12317070
53		 12331041
54		 12471657
55		 12365280
56		 12397044
57		 12433974
58		 12463752
59		 12467211
60		 12635715
61		 12474105
62		 12506547
63		 12527181
64		 12535869
65		 14040534
66		 12962640
67		 12619578
68		 12656478
69		 12738600
70		 12622239
71		 12633213
72		 13168632
73		 12629751
74		 12675225
75		 12693150
76		 12707919
77		 12768102
78		 12718980
79		 12722355
80		 12768885
81		 12808683
82		 12806841
83		 12838047
84		 12856269
85		 12863961
86		 12867123
87		 12897675
88		 13105215
89		 12942444
90		 12965484
91		 13115352
92		 13013643
93		 13043961
94		 13054359
95		 13073799
96		 13097019
97		 13196907
98		 13092996
99		 13128420
