0		 0
1		 95434108
2		 58191162
3		 58277337
4		 58260684
5		 58249239
6		 58224720
7		 58225476
8		 58249584
9		 58232727
10		 58223109
11		 58215372
12		 58250292
13		 58208664
14		 58252497
15		 58223763
16		 58308954
17		 58299735
18		 58246971
19		 58227528
20		 58234530
21		 58245432
22		 58253706
23		 58227696
24		 58462212
25		 58327149
26		 58224645
27		 58243653
28		 58241577
29		 58286019
30		 58278369
31		 58198053
32		 58285491
33		 58207800
34		 58296924
35		 58391163
36		 58208439
37		 58216701
38		 58354119
39		 58476879
40		 58495752
41		 58210326
42		 58215090
43		 58229976
44		 59470641
45		 60237279
46		 58288233
47		 58253298
48		 58230612
49		 58147092
50		 58162545
51		 58127277
52		 58212591
53		 58318197
54		 58317051
55		 58219743
56		 58122672
57		 58141113
58		 58237614
59		 58145070
60		 58210263
61		 58294275
62		 58278423
63		 58152540
64		 58109121
65		 58267146
66		 58357866
67		 58077189
68		 58223028
69		 58083075
70		 58074231
71		 58074696
72		 58091370
73		 58076259
74		 58058226
75		 58093434
76		 58031769
77		 58063572
78		 57991404
79		 58012215
80		 58127976
81		 58056657
82		 58020054
83		 58027008
84		 58024404
85		 58112994
86		 58026459
87		 58084491
88		 58164813
89		 58126530
90		 58119531
91		 58100052
92		 58278075
93		 58308159
94		 58383522
95		 58829754
96		 59172981
97		 59152788
98		 58835619
99		 58238130
		 
