1 86258160 86258160
2 85453664 171711824
3 85521320 257233144
4 85234664 342467808
5 85248416 427716224
6 85222552 512938776
7 85246112 598184888
8 85207768 683392656
9 86189032 769581688
10 85198288 854779976
11 85185344 939965320
12 85174592 1025139912
13 85203456 1110343368
14 85218008 1195561376
15 86169832 1281731208
16 85322152 1367053360
17 85208688 1452262048
18 85236976 1537499024
19 85294464 1622793488
20 85240520 1708034008
21 85400008 1793434016
22 85237680 1878671696
23 86310960 1964982656
24 86121104 2051103760
25 86181320 2137285080
26 86235576 2223520656
27 85966664 2309487320
28 85502544 2394989864
29 85423728 2480413592
30 85224136 2565637728
31 85289976 2650927704
32 85227624 2736155328
33 85181696 2821337024
34 85215656 2906552680
35 85200128 2991752808
36 85220192 3076973000
37 85215736 3162188736
38 85268960 3247457696
39 85351840 3332809536
40 85262024 3418071560
41 85207720 3503279280
42 85215696 3588494976
43 85267048 3673762024
44 85214688 3758976712
45 85227168 3844203880
46 85231424 3929435304
47 85209440 4014644744
48 85254016 4099898760
49 85220144 4185118904
50 85219112 4270338016
51 85262800 4355600816
52 85362616 4440963432
53 85238488 4526201920
54 85223488 4611425408
55 85180400 4696605808
56 85244880 4781850688
57 89984872 4871835560
58 85300744 4957136304
59 85180056 5042316360
60 85266368 5127582728
61 85197576 5212780304
62 85214568 5297994872
63 85241944 5383236816
64 85438472 5468675288
65 85883464 5554558752
66 85383528 5639942280
67 85236912 5725179192
68 85208696 5810387888
69 85212888 5895600776
70 85215704 5980816480
71 85199224 6066015704
72 85298176 6151313880
73 85300984 6236614864
74 85202688 6321817552
75 85226312 6407043864
76 85351336 6492395200
77 85245736 6577640936
78 85710824 6663351760
79 86281024 6749632784
80 85561168 6835193952
81 85245856 6920439808
82 85204736 7005644544
83 85234808 7090879352
84 85189888 7176069240
85 85209008 7261278248
86 85231216 7346509464
87 85234848 7431744312
88 85519504 7517263816
89 85215760 7602479576
90 85275752 7687755328
91 85256728 7773012056
92 85257440 7858269496
93 85198736 7943468232
94 85231792 8028700024
95 85231440 8113931464
96 85231704 8199163168
97 85208736 8284371904
98 85233944 8369605848
99 85242752 8454848600
1 85872632 85872632
2 85165408 171038040
3 85183112 256221152
4 85184248 341405400
5 85205352 426610752
6 85160448 511771200
7 85179624 596950824
8 85180144 682130968
9 85218000 767348968
10 85161104 852510072
11 86113240 938623312
12 85147816 1023771128
13 85283488 1109054616
14 85147032 1194201648
15 85188496 1279390144
16 85128640 1364518784
17 85196952 1449715736
18 85157224 1534872960
19 85183240 1620056200
20 85164112 1705220312
21 85290680 1790510992
22 85185400 1875696392
23 85628912 1961325304
24 86013976 2047339280
25 86198360 2133537640
26 86367352 2219904992
27 86498496 2306403488
28 85577824 2391981312
29 85453064 2477434376
30 85183368 2562617744
31 85182176 2647799920
32 85151472 2732951392
33 85170424 2818121816
34 85161936 2903283752
35 85238104 2988521856
36 85181360 3073703216
37 86002688 3159705904
38 85180800 3244886704
39 85184832 3330071536
40 85186608 3415258144
41 85170240 3500428384
42 85193600 3585621984
43 85173736 3670795720
44 85141800 3755937520
45 85188176 3841125696
46 85243968 3926369664
47 85154056 4011523720
48 85178280 4096702000
49 85322808 4182024808
50 85178008 4267202816
51 85157248 4352360064
52 85153408 4437513472
53 85177192 4522690664
54 85151464 4607842128
55 85164376 4693006504
56 85134184 4778140688
57 85149184 4863289872
58 85114304 4948404176
59 85154128 5033558304
60 85188312 5118746616
61 85261376 5204007992
62 85236304 5289244296
63 85200848 5374445144
64 85136488 5459581632
65 85165888 5544747520
66 85162352 5629909872
67 85199080 5715108952
68 85143984 5800252936
69 85661448 5885914384
70 85237192 5971151576
71 85162336 6056313912
72 85166840 6141480752
73 85178736 6226659488
74 85317784 6311977272
75 85171408 6397148680
76 85153008 6482301688
77 85131816 6567433504
78 85217712 6652651216
79 85145328 6737796544
80 85200048 6822996592
81 86364520 6909361112
82 85266136 6994627248
83 85145968 7079773216
84 85168360 7164941576
85 85169056 7250110632
86 85457520 7335568152
87 85174664 7420742816
88 85164640 7505907456
89 85211984 7591119440
90 85246720 7676366160
91 85143592 7761509752
92 85156800 7846666552
93 85155664 7931822216
94 85164856 8016987072
95 85131272 8102118344
96 85145512 8187263856
97 85173368 8272437224
98 85353232 8357790456
99 85179112 8442969568
1 85797128 85797128
2 85179256 170976384
3 85208840 256185224
4 85216176 341401400
5 85201976 426603376
6 85220648 511824024
7 85154200 596978224
8 85214280 682192504
9 85178104 767370608
10 85519880 852890488
11 85301904 938192392
12 85169184 1023361576
13 85167016 1108528592
14 85229992 1193758584
15 85183872 1278942456
16 85172304 1364114760
17 85157184 1449271944
18 85166112 1534438056
19 85210760 1619648816
20 85152504 1704801320
21 85842104 1790643424
22 85173448 1875816872
23 85637440 1961454312
24 85269336 2046723648
25 85219352 2131943000
26 85182432 2217125432
27 85188384 2302313816
28 85198800 2387512616
29 85219704 2472732320
30 85201776 2557934096
31 85186184 2643120280
32 85158592 2728278872
33 85183016 2813461888
34 85150192 2898612080
35 85205208 2983817288
36 85198256 3069015544
37 85154464 3154170008
38 85226872 3239396880
39 85179224 3324576104
40 85147496 3409723600
41 85200744 3494924344
42 85180136 3580104480
43 85209968 3665314448
44 85188032 3750502480
45 85179768 3835682248
46 85176432 3920858680
47 85175824 4006034504
48 85166472 4091200976
49 85199048 4176400024
50 85171744 4261571768
51 85208200 4346779968
52 85163616 4431943584
53 85248152 4517191736
54 85192640 4602384376
55 85169272 4687553648
56 85176784 4772730432
57 85178016 4857908448
58 85136544 4943044992
59 85174864 5028219856
60 85192528 5113412384
61 84907912 5198320296
62 85130472 5283450768
63 85180224 5368630992
64 85188360 5453819352
65 85276328 5539095680
66 85168160 5624263840
67 85202272 5709466112
68 85185400 5794651512
69 85165968 5879817480
70 85219408 5965036888
71 85168008 6050204896
72 85165096 6135369992
73 85195432 6220565424
74 85177256 6305742680
75 85246480 6390989160
76 85167416 6476156576
77 85213864 6561370440
78 85175200 6646545640
79 85166504 6731712144
80 85165312 6816877456
81 85271504 6902148960
82 85141296 6987290256
83 86364648 7073654904
84 85180944 7158835848
85 85184336 7244020184
86 85301816 7329322000
87 85210216 7414532216
88 85161448 7499693664
89 85149656 7584843320
90 85164088 7670007408
91 86304824 7756312232
92 85222808 7841535040
93 85163800 7926698840
94 85156976 8011855816
95 85171032 8097026848
96 85161592 8182188440
97 85162720 8267351160
98 85178824 8352529984
99 85155816 8437685800
1 85727688 85727688
2 85258752 170986440
3 85175192 256161632
4 85233000 341394632
5 85209560 426604192
6 85251544 511855736
7 85268384 597124120
8 85166712 682290832
9 85207720 767498552
10 85175040 852673592
11 85179104 937852696
12 85230424 1023083120
13 85169712 1108252832
14 85187568 1193440400
15 85191384 1278631784
16 85182816 1363814600
17 85229344 1449043944
18 85173944 1534217888
19 85185496 1619403384
20 85188256 1704591640
21 85280296 1789871936
22 85194264 1875066200
23 85601544 1960667744
24 85245552 2045913296
25 85208032 2131121328
26 85207248 2216328576
27 85205528 2301534104
28 85177944 2386712048
29 85193424 2471905472
30 85203400 2557108872
31 85196872 2642305744
32 85250872 2727556616
33 85199744 2812756360
34 85181400 2897937760
35 85219120 2983156880
36 85228080 3068384960
37 85239496 3153624456
38 85192768 3238817224
39 85172416 3323989640
40 85191104 3409180744
41 85221128 3494401872
42 85161008 3579562880
43 85198736 3664761616
44 85173344 3749934960
45 85195600 3835130560
46 85181376 3920311936
47 85209048 4005520984
48 85196432 4090717416
49 85414208 4176131624
50 85172432 4261304056
51 85184784 4346488840
52 85227544 4431716384
53 85189976 4516906360
54 85189904 4602096264
55 85167656 4687263920
56 85159792 4772423712
57 85184000 4857607712
58 85178928 4942786640
59 85162288 5027948928
60 85171168 5113120096
61 85192184 5198312280
62 85186472 5283498752
63 85226536 5368725288
64 85213816 5453939104
65 85628280 5539567384
66 85257856 5624825240
67 85552784 5710378024
68 85556736 5795934760
69 85512960 5881447720
70 85503160 5966950880
71 86615728 6053566608
72 85582928 6139149536
73 85415912 6224565448
74 85797184 6310362632
75 85773448 6396136080
76 85397768 6481533848
77 85800672 6567334520
78 85331224 6652665744
79 88049624 6740715368
80 85541488 6826256856
81 85755688 6912012544
82 85518616 6997531160
83 88737704 7086268864
84 85483904 7171752768
85 84812544 7256565312
86 86731160 7343296472
87 86831992 7430128464
88 88333232 7518461696
89 86447152 7604908848
90 86978200 7691887048
91 86715904 7778602952
92 86106504 7864709456
93 85466128 7950175584
94 85552216 8035727800
95 85579568 8121307368
96 85469888 8206777256
97 85724984 8292502240
98 85266088 8377768328
99 85424496 8463192824
1 86521344 86521344
2 85820696 172342040
3 85637256 257979296
4 85651112 343630408
5 85505608 429136016
6 85234416 514370432
7 85487656 599858088
8 85561712 685419800
9 85770952 771190752
10 85543488 856734240
11 85325848 942060088
12 85219264 1027279352
13 85211208 1112490560
14 85325352 1197815912
15 85682560 1283498472
16 85511880 1369010352
17 85391096 1454401448
18 85232776 1539634224
19 85900416 1625534640
20 88574536 1714109176
21 125187728 1839296904
22 88248312 1927545216
23 85491056 2013036272
24 85224744 2098261016
25 85515912 2183776928
26 85569736 2269346664
27 85537840 2354884504
28 85611968 2440496472
29 85614136 2526110608
30 85648360 2611758968
31 85624656 2697383624
32 85676568 2783060192
33 85608592 2868668784
34 85553216 2954222000
35 85347824 3039569824
36 85499312 3125069136
37 85649424 3210718560
38 85549216 3296267776
39 85733504 3382001280
40 85170728 3467172008
41 88201200 3555373208
42 85203216 3640576424
43 85516784 3726093208
44 85195488 3811288696
45 85209128 3896497824
46 85331400 3981829224
47 85277984 4067107208
48 85181864 4152289072
49 85250504 4237539576
50 85203736 4322743312
51 85227832 4407971144
52 85211520 4493182664
53 85246624 4578429288
54 85820072 4664249360
55 85193232 4749442592
56 85581192 4835023784
57 85214136 4920237920
58 85168992 5005406912
59 85229056 5090635968
60 85247736 5175883704
61 85552432 5261436136
62 85520928 5346957064
63 89089616 5436046680
64 84415784 5520462464
65 84340688 5604803152
66 84846088 5689649240
67 84334968 5773984208
68 84574080 5858558288
69 84371048 5942929336
70 84377824 6027307160
71 84422120 6111729280
72 84261384 6195990664
73 84281520 6280272184
74 84229992 6364502176
75 84240184 6448742360
76 84322952 6533065312
77 84341176 6617406488
78 84342488 6701748976
79 84469248 6786218224
80 84320784 6870539008
81 84316104 6954855112
82 84334784 7039189896
83 84320056 7123509952
84 84393296 7207903248
85 84395192 7292298440
86 84523840 7376822280
87 84359280 7461181560
88 84333048 7545514608
89 84284544 7629799152
90 84322032 7714121184
91 84689288 7798810472
92 84498848 7883309320
93 84336808 7967646128
94 84269696 8051915824
95 84282496 8136198320
96 84379616 8220577936
97 84450008 8305027944
98 84402488 8389430432
99 84354528 8473784960
1 85756232 85756232
2 84331336 170087568
3 84390072 254477640
4 84258504 338736144
5 84321016 423057160
6 84360456 507417616
7 84433008 591850624
8 84479792 676330416
9 84971472 761301888
10 84606744 845908632
11 84468640 930377272
12 84306656 1014683928
13 84252552 1098936480
14 84269808 1183206288
15 84303160 1267509448
16 84349040 1351858488
17 85533816 1437392304
18 84320936 1521713240
19 84549232 1606262472
20 84463272 1690725744
21 84489288 1775215032
22 84344824 1859559856
23 84553352 1944113208
24 84371112 2028484320
25 84385832 2112870152
26 86486904 2199357056
27 87228448 2286585504
28 91657056 2378242560
29 97137880 2475380440
30 84608208 2559988648
31 84336176 2644324824
32 84292256 2728617080
33 84227456 2812844536
34 84276888 2897121424
35 84424056 2981545480
36 84366904 3065912384
37 84353416 3150265800
38 84371696 3234637496
39 84311984 3318949480
40 84425392 3403374872
41 84288824 3487663696
42 84284480 3571948176
43 84351176 3656299352
44 84361864 3740661216
45 84295416 3824956632
46 84311208 3909267840
47 84411704 3993679544
48 84513440 4078192984
49 84338440 4162531424
50 84311336 4246842760
51 84593792 4331436552
52 84332288 4415768840
53 84310960 4500079800
54 84310032 4584389832
55 84384072 4668773904
56 84260664 4753034568
57 84269336 4837303904
58 84266856 4921570760
59 84326288 5005897048
60 84296192 5090193240
61 84245472 5174438712
62 84311176 5258749888
63 84333872 5343083760
64 84334072 5427417832
65 84341512 5511759344
66 84365816 5596125160
67 84262776 5680387936
68 84297136 5764685072
69 84459720 5849144792
70 84336792 5933481584
71 84264312 6017745896
72 84275272 6102021168
73 84306776 6186327944
74 84575528 6270903472
75 84560496 6355463968
76 84431648 6439895616
77 84384520 6524280136
78 84357072 6608637208
79 84375776 6693012984
80 84376840 6777389824
81 84293384 6861683208
82 84289856 6945973064
83 84275064 7030248128
84 84316680 7114564808
85 84250520 7198815328
86 84269576 7283084904
87 84261888 7367346792
88 84278824 7451625616
89 84257352 7535882968
90 84373200 7620256168
91 84616128 7704872296
92 84372488 7789244784
93 84302952 7873547736
94 84270896 7957818632
95 84265840 8042084472
96 84248320 8126332792
97 84262368 8210595160
98 85085088 8295680248
99 84280088 8379960336
1 85743000 85743000
2 84197056 169940056
3 84286992 254227048
4 84178472 338405520
5 85443048 423848568
6 84248712 508097280
7 84224232 592321512
8 84295360 676616872
9 84387288 761004160
10 86124744 847128904
11 85355280 932484184
12 85704760 1018188944
13 85313424 1103502368
14 85160352 1188662720
15 85287832 1273950552
16 85175560 1359126112
17 85530496 1444656608
18 85593688 1530250296
19 85269928 1615520224
20 85160112 1700680336
21 85472984 1786153320
22 85183104 1871336424
23 86179784 1957516208
24 85528024 2043044232
25 85359576 2128403808
26 85168336 2213572144
27 85505120 2299077264
28 85253296 2384330560
29 85159296 2469489856
30 85594384 2555084240
31 85383960 2640468200
32 85646224 2726114424
33 85182152 2811296576
34 85336632 2896633208
35 85174168 2981807376
36 86238728 3068046104
37 85252000 3153298104
38 85198400 3238496504
39 85220960 3323717464
40 85149968 3408867432
41 85726536 3494593968
42 85653808 3580247776
43 85234712 3665482488
44 85190456 3750672944
45 85328312 3836001256
46 85184432 3921185688
47 85307184 4006492872
48 85272984 4091765856
49 85226560 4176992416
50 85153096 4262145512
51 85160624 4347306136
52 85560392 4432866528
53 85249112 4518115640
54 85142952 4603258592
55 85392944 4688651536
56 85240600 4773892136
57 85400320 4859292456
58 85278920 4944571376
59 85185840 5029757216
60 85593072 5115350288
61 85495600 5200845888
62 85681784 5286527672
63 85157440 5371685112
64 85347160 5457032272
65 85527056 5542559328
66 85482320 5628041648
67 85343024 5713384672
68 89833704 5803218376
69 85366592 5888584968
70 85420728 5974005696
71 85533944 6059539640
72 85444920 6144984560
73 85647248 6230631808
74 85625976 6316257784
75 85746240 6402004024
76 85721192 6487725216
77 85242464 6572967680
78 85187216 6658154896
79 85176576 6743331472
80 85157976 6828489448
81 85147096 6913636544
82 85225712 6998862256
83 85133728 7083995984
84 85352680 7169348664
85 85253176 7254601840
86 85158168 7339760008
87 85213512 7424973520
88 85622216 7510595736
89 85405152 7596000888
90 85184800 7681185688
91 85634288 7766819976
92 85191488 7852011464
93 85446672 7937458136
94 86198664 8023656800
95 85143600 8108800400
96 85786392 8194586792
97 85305064 8279891856
98 85210016 8365101872
99 85176616 8450278488
1 85710856 85710856
2 85394400 171105256
3 85186816 256292072
4 85184240 341476312
5 85343696 426820008
6 85266736 512086744
7 85546056 597632800
8 85538688 683171488
9 85804256 768975744
10 85560448 854536192
11 85515960 940052152
12 85475472 1025527624
13 85451288 1110978912
14 85174312 1196153224
15 85260208 1281413432
16 85253816 1366667248
17 85318592 1451985840
18 85492712 1537478552
19 85626936 1623105488
20 85503504 1708608992
21 85350448 1793959440
22 85203368 1879162808
23 85709360 1964872168
24 85238592 2050110760
25 85200448 2135311208
26 85185320 2220496528
27 85168896 2305665424
28 85176776 2390842200
29 85323176 2476165376
30 85171280 2561336656
31 85585688 2646922344
32 85275016 2732197360
33 85305000 2817502360
34 85448752 2902951112
35 85194040 2988145152
36 85343200 3073488352
37 85203192 3158691544
38 85188088 3243879632
39 85708120 3329587752
40 85277296 3414865048
41 85184752 3500049800
42 85176160 3585225960
43 85235680 3670461640
44 85478872 3755940512
45 85213632 3841154144
46 85314136 3926468280
47 85294760 4011763040
48 85321392 4097084432
49 85395064 4182479496
50 85225464 4267704960
51 85539912 4353244872
52 85237256 4438482128
53 85287464 4523769592
54 85318488 4609088080
55 85246344 4694334424
56 85291816 4779626240
57 85295488 4864921728
58 85604848 4950526576
59 85271672 5035798248
60 85173504 5120971752
61 85157968 5206129720
62 85170776 5291300496
63 85477736 5376778232
64 85290720 5462068952
65 85429976 5547498928
66 85281792 5632780720
67 85289520 5718070240
68 85546872 5803617112
69 85567760 5889184872
70 85690144 5974875016
71 86002320 6060877336
72 85892240 6146769576
73 85392056 6232161632
74 85183016 6317344648
75 85247392 6402592040
76 85167632 6487759672
77 85229504 6572989176
78 85504000 6658493176
79 85243208 6743736384
80 85416496 6829152880
81 85588488 6914741368
82 85321416 7000062784
83 86034760 7086097544
84 85180000 7171277544
85 85599912 7256877456
86 85441048 7342318504
87 85173312 7427491816
88 85174704 7512666520
89 85223056 7597889576
90 85216936 7683106512
91 85354280 7768460792
92 86410712 7854871504
93 85606400 7940477904
94 85217960 8025695864
95 85825856 8111521720
96 85705880 8197227600
97 85330480 8282558080
98 85306720 8367864800
99 85193288 8453058088
1 85746696 85746696
2 85188384 170935080
3 86305480 257240560
4 85262744 342503304
5 85220920 427724224
6 85199640 512923864
7 85479584 598403448
8 85240184 683643632
9 85214544 768858176
10 85219912 854078088
11 85266480 939344568
12 85224016 1024568584
13 85220440 1109789024
14 85178744 1194967768
15 85226768 1280194536
16 85213648 1365408184
17 85201944 1450610128
18 85198184 1535808312
19 85223080 1621031392
20 85228352 1706259744
21 85707712 1791967456
22 85249224 1877216680
23 85969784 1963186464
24 85319640 2048506104
25 85231696 2133737800
26 85198256 2218936056
27 85252584 2304188640
28 85414648 2389603288
29 85240808 2474844096
30 85201664 2560045760
31 85504632 2645550392
32 85886512 2731436904
33 85329808 2816766712
34 85209336 2901976048
35 85433256 2987409304
36 85295808 3072705112
37 85419592 3158124704
38 85238328 3243363032
39 85222808 3328585840
40 85655984 3414241824
41 85574528 3499816352
42 85369504 3585185856
43 85653992 3670839848
44 85259712 3756099560
45 85224984 3841324544
46 85218584 3926543128
47 85766800 4012309928
48 85695320 4098005248
49 85278544 4183283792
50 85427952 4268711744
51 85232048 4353943792
52 85224680 4439168472
53 85313952 4524482424
54 85401424 4609883848
55 85297624 4695181472
56 85221128 4780402600
57 85224488 4865627088
58 85151184 4950778272
59 85208128 5035986400
60 86167368 5122153768
61 85505608 5207659376
62 85972336 5293631712
63 85220392 5378852104
64 85269664 5464121768
65 85554264 5549676032
66 85690632 5635366664
67 85246744 5720613408
68 85235024 5805848432
69 85578584 5891427016
70 85240512 5976667528
71 89461216 6066128744
72 87374792 6153503536
73 84330424 6237833960
74 84296720 6322130680
75 84361352 6406492032
76 84237880 6490729912
77 84277728 6575007640
78 84262440 6659270080
79 84272496 6743542576
80 84290912 6827833488
81 84297112 6912130600
82 84671552 6996802152
83 84282216 7081084368
84 84380128 7165464496
85 84453328 7249917824
86 84261592 7334179416
87 84310376 7418489792
88 84225872 7502715664
89 84417328 7587132992
90 84486168 7671619160
91 84334584 7755953744
92 84498496 7840452240
93 84463888 7924916128
94 84344792 8009260920
95 84403936 8093664856
96 84344392 8178009248
97 84383976 8262393224
98 84347104 8346740328
99 84348336 8431088664
1 85851168 85851168
2 84281392 170132560
3 84411616 254544176
4 84416720 338960896
5 84246424 423207320
6 84222208 507429528
7 84246896 591676424
8 84253336 675929760
9 84235208 760164968
10 84250760 844415728
11 84690672 929106400
12 84997448 1014103848
13 85216096 1099319944
14 84336464 1183656408
15 84467296 1268123704
16 84584088 1352707792
17 84522136 1437229928
18 84887608 1522117536
19 84227464 1606345000
20 84247576 1690592576
21 84390136 1774982712
22 84348208 1859330920
23 84359832 1943690752
24 84446568 2028137320
25 84397648 2112534968
26 84373104 2196908072
27 84781768 2281689840
28 84219176 2365909016
29 84230344 2450139360
30 84224208 2534363568
31 84210384 2618573952
32 84243888 2702817840
33 84262560 2787080400
34 84208704 2871289104
35 84201760 2955490864
36 84343032 3039833896
37 84255976 3124089872
38 84212648 3208302520
39 84314448 3292616968
40 84225232 3376842200
41 84211544 3461053744
42 84232744 3545286488
43 84214768 3629501256
44 84256512 3713757768
45 84243224 3798000992
46 84218976 3882219968
47 84271432 3966491400
48 84374240 4050865640
49 84272192 4135137832
50 84226208 4219364040
51 84189160 4303553200
52 84208216 4387761416
53 84226544 4471987960
54 84260464 4556248424
55 84197176 4640445600
56 84274552 4724720152
57 84223352 4808943504
58 84210000 4893153504
59 84205624 4977359128
60 84226216 5061585344
61 84248264 5145833608
62 84215768 5230049376
63 84224344 5314273720
64 84271936 5398545656
65 84220672 5482766328
66 84219528 5566985856
67 84203416 5651189272
68 84204680 5735393952
69 84228672 5819622624
70 84233728 5903856352
71 84223120 5988079472
72 84241504 6072320976
73 84317192 6156638168
74 85506872 6242145040
75 86091280 6328236320
76 85331856 6413568176
77 85325816 6498893992
78 85251288 6584145280
79 85167368 6669312648
80 85191656 6754504304
81 85193504 6839697808
82 85172264 6924870072
83 85198272 7010068344
84 85185920 7095254264
85 85380456 7180634720
86 85209624 7265844344
87 85150752 7350995096
88 85174984 7436170080
89 85219272 7521389352
90 85166712 7606556064
91 85171000 7691727064
92 85199944 7776927008
93 85178784 7862105792
94 85171768 7947277560
95 85199152 8032476712
96 85371248 8117847960
97 85483864 8203331824
98 85224352 8288556176
99 85224216 8373780392
1 85728032 85728032
2 85213760 170941792
3 85209984 256151776
4 85221880 341373656
5 85208936 426582592
6 85261608 511844200
7 85199184 597043384
8 85195272 682238656
9 85334544 767573200
10 85331208 852904408
11 85224096 938128504
12 85186016 1023314520
13 85181376 1108495896
14 85216944 1193712840
15 85175304 1278888144
16 85232856 1364121000
17 85260176 1449381176
18 85204872 1534586048
19 85231416 1619817464
20 85169040 1704986504
21 85731336 1790717840
22 85367184 1876085024
23 85612496 1961697520
24 85300344 2046997864
25 85212936 2132210800
26 85249040 2217459840
27 85190112 2302649952
28 85190520 2387840472
29 85218880 2473059352
30 85288088 2558347440
31 85189848 2643537288
32 85172640 2728709928
33 85186928 2813896856
34 85248648 2899145504
35 85306656 2984452160
36 85233288 3069685448
37 85181584 3154867032
38 85209656 3240076688
39 85256504 3325333192
40 85193280 3410526472
41 85183888 3495710360
42 85187040 3580897400
43 85182512 3666079912
44 85188280 3751268192
45 85216144 3836484336
46 85241360 3921725696
47 85405872 4007131568
48 85187648 4092319216
49 85202560 4177521776
50 85190072 4262711848
51 85146472 4347858320
52 85203456 4433061776
53 85175800 4518237576
54 85437664 4603675240
55 85177984 4688853224
56 85181984 4774035208
57 85178488 4859213696
58 85150048 4944363744
59 85356048 5029719792
60 85190640 5114910432
61 85154504 5200064936
62 85195192 5285260128
63 85229848 5370489976
64 85197176 5455687152
65 85176912 5540864064
66 85234048 5626098112
67 85173648 5711271760
68 85141200 5796412960
69 85194320 5881607280
70 85264904 5966872184
71 85332592 6052204776
72 85196544 6137401320
73 85183336 6222584656
74 85179480 6307764136
75 85200120 6392964256
76 85612920 6478577176
77 90551248 6569128424
78 85341216 6654469640
79 85219688 6739689328
80 85169416 6824858744
81 85207432 6910066176
82 85190368 6995256544
83 86040072 7081296616
84 85244912 7166541528
85 85197480 7251739008
86 85195712 7336934720
87 85215568 7422150288
88 85236624 7507386912
89 85199088 7592586000
90 85195168 7677781168
91 85197848 7762979016
92 85192200 7848171216
93 85195040 7933366256
94 85165320 8018531576
95 85328064 8103859640
96 85196920 8189056560
97 85207512 8274264072
98 91368328 8365632400
99 84431792 8450064192
1 87736016 87736016
2 85431976 173167992
3 84639896 257807888
4 84785024 342592912
5 84560128 427153040
6 84799296 511952336
7 85164824 597117160
8 84946744 682063904
9 86304504 768368408
10 87127768 855496176
11 87113144 942609320
12 86656648 1029265968
13 86942368 1116208336
14 86943256 1203151592
15 86915128 1290066720
16 86963512 1377030232
17 87085112 1464115344
18 87123424 1551238768
19 86499144 1637737912
20 86203888 1723941800
21 85349888 1809291688
22 85398912 1894690600
23 86034920 1980725520
24 85343424 2066068944
25 85220680 2151289624
26 85239848 2236529472
27 85240104 2321769576
28 85243624 2407013200
29 85216904 2492230104
30 85230568 2577460672
31 85260216 2662720888
32 85395152 2748116040
33 85236184 2833352224
34 85258560 2918610784
35 85241488 3003852272
36 85241024 3089093296
37 85226464 3174319760
38 85268944 3259588704
39 85205728 3344794432
40 85249976 3430044408
41 85203880 3515248288
42 85304864 3600553152
43 85395112 3685948264
44 85293320 3771241584
45 85199344 3856440928
46 85217952 3941658880
47 85200048 4026858928
48 85326040 4112184968
49 85206720 4197391688
50 85194816 4282586504
51 85196160 4367782664
52 85206504 4452989168
53 85214552 4538203720
54 85209624 4623413344
55 85241568 4708654912
56 85219272 4793874184
57 85235584 4879109768
58 85223040 4964332808
59 85214328 5049547136
60 85232408 5134779544
61 85204992 5219984536
62 85218032 5305202568
63 85213904 5390416472
64 85213592 5475630064
65 85190056 5560820120
66 85229000 5646049120
67 85190696 5731239816
68 85235648 5816475464
69 85197688 5901673152
70 85178928 5986852080
71 85181864 6072033944
72 85216688 6157250632
73 85208608 6242459240
74 85187304 6327646544
75 85215128 6412861672
76 85227944 6498089616
77 85199112 6583288728
78 85003816 6668292544
79 86722432 6755014976
80 85353464 6840368440
81 85230680 6925599120
82 85211792 7010810912
83 85304128 7096115040
84 85249952 7181364992
85 85234944 7266599936
86 85205792 7351805728
87 85222880 7437028608
88 85251280 7522279888
89 85197656 7607477544
90 85204920 7692682464
91 85207528 7777889992
92 85272304 7863162296
93 85216136 7948378432
94 85226504 8033604936
95 85213144 8118818080
96 85230440 8204048520
97 85207552 8289256072
98 85242968 8374499040
99 85200616 8459699656
1 85716008 85716008
2 85192576 170908584
3 85152952 256061536
4 85169096 341230632
5 85154936 426385568
6 85155752 511541320
7 85159984 596701304
8 85178472 681879776
9 85190008 767069784
10 85151688 852221472
11 85159160 937380632
12 85147048 1022527680
13 85198040 1107725720
14 85166264 1192891984
15 85182616 1278074600
16 85155928 1363230528
17 85136888 1448367416
18 85207088 1533574504
19 85170632 1618745136
20 85153192 1703898328
21 85295040 1789193368
22 85216032 1874409400
23 85533064 1959942464
24 85239440 2045181904
25 85180704 2130362608
26 85158688 2215521296
27 85150008 2300671304
28 85183576 2385854880
29 85198336 2471053216
30 85185872 2556239088
31 85153808 2641392896
32 85157784 2726550680
33 85163336 2811714016
34 85166080 2896880096
35 85170224 2982050320
36 85158696 3067209016
37 85134504 3152343520
38 85196128 3237539648
39 85172752 3322712400
40 85183024 3407895424
41 85139320 3493034744
42 85191640 3578226384
43 85135784 3663362168
44 85157832 3748520000
45 85171888 3833691888
46 85166592 3918858480
47 85141880 4004000360
48 85140824 4089141184
49 85150824 4174292008
50 85203288 4259495296
51 85146808 4344642104
52 85134784 4429776888
53 85223376 4515000264
54 85156096 4600156360
55 85143112 4685299472
56 85148048 4770447520
57 85144408 4855591928
58 85206136 4940798064
59 85142168 5025940232
60 85177200 5111117432
61 85141816 5196259248
62 85170384 5281429632
63 85162464 5366592096
64 85136912 5451729008
65 85194536 5536923544
66 85150472 5622074016
67 85240264 5707314280
68 85172904 5792487184
69 85136800 5877623984
70 85244792 5962868776
71 85150376 6048019152
72 85202864 6133222016
73 85151576 6218373592
74 85131880 6303505472
75 85145088 6388650560
76 85158200 6473808760
77 85139160 6558947920
78 85150264 6644098184
79 85160208 6729258392
80 85157168 6814415560
81 91007192 6905422752
82 85332856 6990755608
83 85178104 7075933712
84 85167968 7161101680
85 85150616 7246252296
86 85173880 7331426176
87 85672664 7417098840
88 85351432 7502450272
89 85151400 7587601672
90 85233824 7672835496
91 85173360 7758008856
92 85151440 7843160296
93 85164000 7928324296
94 85171992 8013496288
95 85252288 8098748576
96 85135912 8183884488
97 85156192 8269040680
98 85136064 8354176744
99 85169976 8439346720
1 85742368 85742368
2 85150856 170893224
3 85181024 256074248
4 85184368 341258616
5 85161528 426420144
6 85153416 511573560
7 85115912 596689472
8 85132360 681821832
9 85225992 767047824
10 85121064 852168888
11 85214688 937383576
12 85125864 1022509440
13 85120872 1107630312
14 85344216 1192974528
15 85141528 1278116056
16 85121632 1363237688
17 85138368 1448376056
18 85153464 1533529520
19 85144680 1618674200
20 85171488 1703845688
21 85243672 1789089360
22 85150120 1874239480
23 85596760 1959836240
24 85185576 2045021816
25 85153368 2130175184
26 85143288 2215318472
27 85152072 2300470544
28 85178936 2385649480
29 85139160 2470788640
30 85137304 2555925944
31 85169928 2641095872
32 85161880 2726257752
33 85166024 2811423776
34 85155680 2896579456
35 85152192 2981731648
36 85172536 3066904184
37 85148848 3152053032
38 85121664 3237174696
39 85156896 3322331592
40 85163544 3407495136
41 85157160 3492652296
42 85182592 3577834888
43 85152736 3662987624
44 85175408 3748163032
45 85159408 3833322440
46 85135944 3918458384
47 85173432 4003631816
48 85161392 4088793208
49 85138232 4173931440
50 85140664 4259072104
51 85143512 4344215616
52 85187616 4429403232
53 85149504 4514552736
54 85145016 4599697752
55 85120448 4684818200
56 85199960 4770018160
57 85123184 4855141344
58 85096552 4940237896
59 85132424 5025370320
60 85138192 5110508512
61 85109432 5195617944
62 85168672 5280786616
63 85128280 5365914896
64 85140120 5451055016
65 85144256 5536199272
66 85173600 5621372872
67 85127232 5706500104
68 85136184 5791636288
69 85161408 5876797696
70 85154440 5961952136
71 85127832 6047079968
72 85170936 6132250904
73 85147408 6217398312
74 85132944 6302531256
75 85188904 6387720160
76 85145672 6472865832
77 85121360 6557987192
78 85110104 6643097296
79 85135592 6728232888
80 86202680 6814435568
81 85152568 6899588136
82 84907520 6984495656
83 87125296 7071620952
84 85144088 7156765040
85 85312336 7242077376
86 85101720 7327179096
87 85154752 7412333848
88 85139272 7497473120
89 85134416 7582607536
90 85128760 7667736296
91 85146800 7752883096
92 85266072 7838149168
93 85142840 7923292008
94 85126872 8008418880
95 85117576 8093536456
96 85134440 8178670896
97 85140312 8263811208
98 85121224 8348932432
99 85125968 8434058400
1 85714016 85714016
2 85237272 170951288
3 85216152 256167440
4 85213536 341380976
5 85483312 426864288
6 85223296 512087584
7 85479664 597567248
8 85226832 682794080
9 85158496 767952576
10 85178480 853131056
11 85183792 938314848
12 85203936 1023518784
13 85302424 1108821208
14 85184152 1194005360
15 85205360 1279210720
16 85189616 1364400336
17 85174048 1449574384
18 85185384 1534759768
19 85186944 1619946712
20 85189128 1705135840
21 85300736 1790436576
22 85225384 1875661960
23 85608800 1961270760
24 85231568 2046502328
25 85215096 2131717424
26 85219616 2216937040
27 85185088 2302122128
28 85209664 2387331792
29 85227880 2472559672
30 85362232 2557921904
31 85235312 2643157216
32 85208904 2728366120
33 85226744 2813592864
34 85279840 2898872704
35 85265568 2984138272
36 85204696 3069342968
37 85231976 3154574944
38 85201264 3239776208
39 85189832 3324966040
40 85202296 3410168336
41 85192312 3495360648
42 85168920 3580529568
43 85196872 3665726440
44 85195280 3750921720
45 85232360 3836154080
46 85205360 3921359440
47 85214592 4006574032
48 85210016 4091784048
49 85203336 4176987384
50 85185648 4262173032
51 85187232 4347360264
52 85182864 4432543128
53 85173760 4517716888
54 85233888 4602950776
55 85179264 4688130040
56 85207648 4773337688
57 85176616 4858514304
58 85169688 4943683992
59 85173008 5028857000
60 85168784 5114025784
61 85182832 5199208616
62 85175704 5284384320
63 85210296 5369594616
64 85223696 5454818312
65 85183520 5540001832
66 85199936 5625201768
67 85195936 5710397704
68 85184328 5795582032
69 85198080 5880780112
70 85222984 5966003096
71 85202768 6051205864
72 85169144 6136375008
73 85197152 6221572160
74 85224488 6306796648
75 85193056 6391989704
76 85285232 6477274936
77 85190736 6562465672
78 85164864 6647630536
79 85204568 6732835104
80 85189144 6818024248
81 85156904 6903181152
82 85183280 6988364432
83 85196912 7073561344
84 85957624 7159518968
85 88100192 7247619160
86 84281344 7331900504
87 84271640 7416172144
88 84414016 7500586160
89 84219112 7584805272
90 84229960 7669035232
91 84262560 7753297792
92 84262624 7837560416
93 84242856 7921803272
94 84268992 8006072264
95 84217016 8090289280
96 84243240 8174532520
97 84251624 8258784144
98 84279216 8343063360
99 84230784 8427294144
1 85672888 85672888
2 84261312 169934200
3 84246608 254180808
4 84281224 338462032
5 84312048 422774080
6 84284888 507058968
7 84283480 591342448
8 84498336 675840784
9 84255656 760096440
10 84252632 844349072
11 84278552 928627624
12 84275736 1012903360
13 84232192 1097135552
14 84226992 1181362544
15 84293016 1265655560
16 84253064 1349908624
17 84258472 1434167096
18 84291200 1518458296
19 84287856 1602746152
20 84248264 1686994416
21 84335936 1771330352
22 84304248 1855634600
23 84279968 1939914568
24 84500568 2024415136
25 84264928 2108680064
26 84262328 2192942392
27 84297304 2277239696
28 84279696 2361519392
29 84314088 2445833480
30 84266944 2530100424
31 84271480 2614371904
32 84266344 2698638248
33 84276040 2782914288
34 84297904 2867212192
35 84293856 2951506048
36 84319376 3035825424
37 84335744 3120161168
38 84265552 3204426720
39 84286672 3288713392
40 84262984 3372976376
41 84283728 3457260104
42 84280976 3541541080
43 84266312 3625807392
44 84252104 3710059496
45 84264568 3794324064
46 84320896 3878644960
47 84290480 3962935440
48 84276168 4047211608
49 84318024 4131529632
50 84259216 4215788848
51 84243712 4300032560
52 84239984 4384272544
53 84288880 4468561424
54 84273144 4552834568
55 84248208 4637082776
56 84262248 4721345024
57 84281888 4805626912
58 84247848 4889874760
59 84256608 4974131368
60 84331720 5058463088
61 84259328 5142722416
62 84274552 5226996968
63 84240560 5311237528
64 84249824 5395487352
65 84274744 5479762096
66 84249744 5564011840
67 84298616 5648310456
68 84267136 5732577592
69 84242872 5816820464
70 84279016 5901099480
71 84296288 5985395768
72 84259248 6069655016
73 84278656 6153933672
74 84272408 6238206080
75 84255080 6322461160
76 84248944 6406710104
77 84269872 6490979976
78 84238736 6575218712
79 84273376 6659492088
80 84266048 6743758136
81 84242832 6828000968
82 84265512 6912266480
83 84249504 6996515984
84 84244736 7080760720
85 84251952 7165012672
86 84265176 7249277848
87 84289784 7333567632
88 85021496 7418589128
89 86518008 7505107136
90 85415264 7590522400
91 85407232 7675929632
92 85227912 7761157544
93 85256840 7846414384
94 85250736 7931665120
95 85242568 8016907688
96 86254480 8103162168
97 85197128 8188359296
98 85243928 8273603224
99 85223384 8358826608
1 85702360 85702360
2 85522288 171224648
3 85045056 256269704
4 88123792 344393496
5 85214088 429607584
6 85367720 514975304
7 85193232 600168536
8 85184536 685353072
9 85200776 770553848
10 85223744 855777592
11 85214712 940992304
12 85204800 1026197104
13 85187624 1111384728
14 85379472 1196764200
15 85320280 1282084480
16 85208832 1367293312
17 85223112 1452516424
18 85191816 1537708240
19 85536448 1623244688
20 85180176 1708424864
21 85649816 1794074680
22 85328736 1879403416
23 85696400 1965099816
24 85294480 2050394296
25 85193008 2135587304
26 85184472 2220771776
27 85165480 2305937256
28 85177096 2391114352
29 85209672 2476324024
30 85180208 2561504232
31 85282592 2646786824
32 85216464 2732003288
33 85196320 2817199608
34 85200024 2902399632
35 85191680 2987591312
36 85174384 3072765696
37 85167936 3157933632
38 85194408 3243128040
39 85295800 3328423840
40 85212096 3413635936
41 85181696 3498817632
42 85211704 3584029336
43 85223608 3669252944
44 85279496 3754532440
45 85182120 3839714560
46 85201208 3924915768
47 85168304 4010084072
48 85182560 4095266632
49 85219416 4180486048
50 85229440 4265715488
51 85187544 4350903032
52 85194128 4436097160
53 85319096 4521416256
54 85173184 4606589440
55 85191528 4691780968
56 85191936 4776972904
57 85115840 4862088744
58 85199456 4947288200
59 85184848 5032473048
60 85208536 5117681584
61 85225880 5202907464
62 85162232 5288069696
63 85168992 5373238688
64 85313536 5458552224
65 84984680 5543536904
66 88156632 5631693536
67 85549632 5717243168
68 85342736 5802585904
69 85230032 5887815936
70 85159032 5972974968
71 85163080 6058138048
72 85246184 6143384232
73 85167496 6228551728
74 85156024 6313707752
75 85182600 6398890352
76 85194752 6484085104
77 85192808 6569277912
78 85168472 6654446384
79 85174488 6739620872
80 85196760 6824817632
81 85181712 6909999344
82 85201624 6995200968
83 85204312 7080405280
84 85180576 7165585856
85 85169136 7250754992
86 85246008 7336001000
87 85189384 7421190384
88 85178856 7506369240
89 85216368 7591585608
90 85144544 7676730152
91 89850944 7766581096
92 85193136 7851774232
93 85202664 7936976896
94 85192408 8022169304
95 85154960 8107324264
96 85177248 8192501512
97 85184024 8277685536
98 85210280 8362895816
99 85227376 8448123192
1 85722328 85722328
2 85215304 170937632
3 85220944 256158576
4 85196976 341355552
5 85227608 426583160
6 85208248 511791408
7 85210024 597001432
8 85205280 682206712
9 85212968 767419680
10 85284104 852703784
11 85208368 937912152
12 85188416 1023100568
13 85225552 1108326120
14 85215584 1193541704
15 85177536 1278719240
16 85169352 1363888592
17 85206288 1449094880
18 85211216 1534306096
19 85219304 1619525400
20 85224768 1704750168
21 85920024 1790670192
22 85230696 1875900888
23 85612160 1961513048
24 85322920 2046835968
25 85221608 2132057576
26 85191064 2217248640
27 85216008 2302464648
28 85299496 2387764144
29 85211984 2472976128
30 85221520 2558197648
31 85228296 2643425944
32 85196360 2728622304
33 85227976 2813850280
34 85241072 2899091352
35 85240064 2984331416
36 85219496 3069550912
37 85204792 3154755704
38 85219904 3239975608
39 85204720 3325180328
40 85213824 3410394152
41 85329824 3495723976
42 85312872 3581036848
43 85236704 3666273552
44 85771880 3752045432
45 85341944 3837387376
46 85356024 3922743400
47 85159264 4007902664
48 85224296 4093126960
49 85234816 4178361776
50 85228312 4263590088
51 85345048 4348935136
52 85792640 4434727776
53 85006016 4519733792
54 88180992 4607914784
55 85578360 4693493144
56 85437760 4778930904
57 85148656 4864079560
58 85193512 4949273072
59 85207280 5034480352
60 85203992 5119684344
61 85402640 5205086984
62 85250824 5290337808
63 85236416 5375574224
64 85238520 5460812744
65 85195952 5546008696
66 85229696 5631238392
67 85193872 5716432264
68 85189952 5801622216
69 85266632 5886888848
70 85212256 5972101104
71 85221848 6057322952
72 85265792 6142588744
73 85512248 6228100992
74 85296512 6313397504
75 85243376 6398640880
76 85232368 6483873248
77 85245200 6569118448
78 85215176 6654333624
79 85216056 6739549680
80 85259408 6824809088
81 85268608 6910077696
82 85202168 6995279864
83 85258776 7080538640
84 85204432 7165743072
85 85203960 7250947032
86 85202960 7336149992
87 85219624 7421369616
88 85260712 7506630328
89 85203096 7591833424
90 85210048 7677043472
91 85237664 7762281136
92 85221568 7847502704
93 85200392 7932703096
94 85260608 8017963704
95 85213664 8103177368
96 85216496 8188393864
97 85209400 8273603264
98 85239648 8358842912
99 85260408 8444103320
1 85721808 85721808
2 85284576 171006384
3 85150200 256156584
4 85146640 341303224
5 85221528 426524752
6 85152152 511676904
7 85144832 596821736
8 85126704 681948440
9 85130024 767078464
10 85137424 852215888
11 85127664 937343552
12 85171912 1022515464
13 85160752 1107676216
14 85263184 1192939400
15 85297920 1278237320
16 84471584 1362708904
17 84484208 1447193112
18 85024152 1532217264
19 85873312 1618090576
20 86811424 1704902000
21 86670688 1791572688
22 86738672 1878311360
23 87337040 1965648400
24 86774856 2052423256
25 86397456 2138820712
26 85887688 2224708400
27 85168296 2309876696
28 85198688 2395075384
29 85286624 2480362008
30 85160440 2565522448
31 85308856 2650831304
32 85173104 2736004408
33 85131536 2821135944
34 85128272 2906264216
35 85168208 2991432424
36 85149376 3076581800
37 85139152 3161720952
38 85225432 3246946384
39 85195424 3332141808
40 85145784 3417287592
41 85125376 3502412968
42 85163136 3587576104
43 85137864 3672713968
44 85142936 3757856904
45 85121824 3842978728
46 85119752 3928098480
47 85138160 4013236640
48 85192112 4098428752
49 85119696 4183548448
50 85150840 4268699288
51 85119288 4353818576
52 85130008 4438948584
53 85217344 4524165928
54 85116856 4609282784
55 85194400 4694477184
56 85154256 4779631440
57 85125872 4864757312
58 85136312 4949893624
59 85124328 5035017952
60 85127920 5120145872
61 85175416 5205321288
62 85142344 5290463632
63 85157616 5375621248
64 85161416 5460782664
65 85158968 5545941632
66 85177640 5631119272
67 85138000 5716257272
68 85134992 5801392264
69 85115968 5886508232
70 85131408 5971639640
71 85119688 6056759328
72 85140064 6141899392
73 85249376 6227148768
74 85142440 6312291208
75 85093888 6397385096
76 85156648 6482541744
77 85108640 6567650384
78 85132992 6652783376
79 85127320 6737910696
80 85141696 6823052392
81 85152200 6908204592
82 85125040 6993329632
83 85143880 7078473512
84 85166776 7163640288
85 85128096 7248768384
86 85080544 7333848928
87 85129840 7418978768
88 85145224 7504123992
89 85218616 7589342608
90 85156888 7674499496
91 85134888 7759634384
92 85132144 7844766528
93 85152432 7929918960
94 85221736 8015140696
95 89816088 8104956784
96 85159640 8190116424
97 85150232 8275266656
98 85450128 8360716784
99 85168016 8445884800
1 86544344 86544344
2 85270296 171814640
3 85214904 257029544
4 85209520 342239064
5 85183384 427422448
6 85233800 512656248
7 85145888 597802136
8 85131712 682933848
9 85214000 768147848
10 85162064 853309912
11 85146960 938456872
12 85150520 1023607392
13 85152736 1108760128
14 85227096 1193987224
15 85147152 1279134376
16 85149824 1364284200
17 85277632 1449561832
18 85335448 1534897280
19 86204512 1621101792
20 85187952 1706289744
21 85784992 1792074736
22 85214688 1877289424
23 85567216 1962856640
24 85251488 2048108128
25 85176960 2133285088
26 85131144 2218416232
27 85212464 2303628696
28 85180528 2388809224
29 85258312 2474067536
30 85179768 2559247304
31 85174936 2644422240
32 85139976 2729562216
33 85176392 2814738608
34 85205728 2899944336
35 85140928 2985085264
36 85169816 3070255080
37 85208640 3155463720
38 85187408 3240651128
39 85201664 3325852792
40 85160728 3411013520
41 85148280 3496161800
42 85193968 3581355768
43 85162232 3666518000
44 85186656 3751704656
45 85200608 3836905264
46 85167032 3922072296
47 85185312 4007257608
48 86325296 4093582904
49 85188800 4178771704
50 85200960 4263972664
51 85164888 4349137552
52 85143096 4434280648
53 85155168 4519435816
54 85201296 4604637112
55 85123680 4689760792
56 85196240 4774957032
57 85148512 4860105544
58 85190144 4945295688
59 85186512 5030482200
60 85192376 5115674576
61 85150112 5200824688
62 85191064 5286015752
63 85158304 5371174056
64 85301688 5456475744
65 85224688 5541700432
66 85161880 5626862312
67 85157432 5712019744
68 85179848 5797199592
69 85161888 5882361480
70 85199248 5967560728
71 85177024 6052737752
72 85163712 6137901464
73 85146664 6223048128
74 85176336 6308224464
75 85262728 6393487192
76 85171080 6478658272
77 85156088 6563814360
78 85279232 6649093592
79 85161504 6734255096
80 85144592 6819399688
81 85193928 6904593616
82 85264392 6989858008
83 85146256 7075004264
84 85162872 7160167136
85 85198264 7245365400
86 85155808 7330521208
87 85151600 7415672808
88 85214952 7500887760
89 85174984 7586062744
90 85178040 7671240784
91 85213488 7756454272
92 85155200 7841609472
93 85141736 7926751208
94 85170640 8011921848
95 85199280 8097121128
96 85150848 8182271976
97 85140608 8267412584
98 85207056 8352619640
99 85171416 8437791056
1 85749504 85749504
2 85197016 170946520
3 85216128 256162648
4 85177736 341340384
5 85170000 426510384
6 85232192 511742576
7 85245768 596988344
8 85186320 682174664
9 85200680 767375344
10 85186840 852562184
11 85200168 937762352
12 85167616 1022929968
13 85186632 1108116600
14 85153520 1193270120
15 85224792 1278494912
16 85191336 1363686248
17 85196248 1448882496
18 85219160 1534101656
19 85275472 1619377128
20 85200056 1704577184
21 87463784 1792040968
22 85217552 1877258520
23 85731048 1962989568
24 85282400 2048271968
25 85176376 2133448344
26 85266152 2218714496
27 85208208 2303922704
28 85199680 2389122384
29 85181320 2474303704
30 85197488 2559501192
31 85177448 2644678640
32 85190536 2729869176
33 85207504 2815076680
34 85178608 2900255288
35 85208760 2985464048
36 85216456 3070680504
37 85188408 3155868912
38 85199072 3241067984
39 85192320 3326260304
40 85213264 3411473568
41 85181368 3496654936
42 85175248 3581830184
43 85176432 3667006616
44 85195568 3752202184
45 85185520 3837387704
46 85209016 3922596720
47 85183952 4007780672
48 85260368 4093041040
49 85200576 4178241616
50 85284864 4263526480
51 85172472 4348698952
52 85193688 4433892640
53 85156488 4519049128
54 85193272 4604242400
55 85191176 4689433576
56 85217904 4774651480
57 85147496 4859798976
58 85188984 4944987960
59 85158832 5030146792
60 85209968 5115356760
61 85187736 5200544496
62 85185632 5285730128
63 85180808 5370910936
64 85194024 5456104960
65 85189800 5541294760
66 85183960 5626478720
67 85201912 5711680632
68 85233920 5796914552
69 85216320 5882130872
70 85201680 5967332552
71 85195752 6052528304
72 85190568 6137718872
73 85167192 6222886064
74 85182048 6308068112
75 85175984 6393244096
76 85192712 6478436808
77 85191608 6563628416
78 85192416 6648820832
79 85177920 6733998752
80 85238152 6819236904
81 85219792 6904456696
82 85237352 6989694048
83 85174344 7074868392
84 85186376 7160054768
85 85179856 7245234624
86 85190112 7330424736
87 85216136 7415640872
88 85223512 7500864384
89 85174360 7586038744
90 85172880 7671211624
91 85178208 7756389832
92 85202456 7841592288
93 85173480 7926765768
94 85185464 8011951232
95 85173224 8097124456
96 85203384 8182327840
97 85211024 8267538864
98 85169448 8352708312
99 89898224 8442606536
1 85756736 85756736
2 85188776 170945512
3 85191800 256137312
4 85227696 341365008
5 85216592 426581600
6 85179640 511761240
7 85191224 596952464
8 85257096 682209560
9 85182272 767391832
10 85146968 852538800
11 85236832 937775632
12 85167416 1022943048
13 85169400 1108112448
14 85179760 1193292208
15 85158864 1278451072
16 85167168 1363618240
17 85176792 1448795032
18 85220224 1534015256
19 85252208 1619267464
20 85189432 1704456896
21 85941872 1790398768
22 84972328 1875371096
23 88094512 1963465608
24 85306984 2048772592
25 85362112 2134134704
26 85175824 2219310528
27 85241624 2304552152
28 85241528 2389793680
29 85164432 2474958112
30 85172032 2560130144
31 85162248 2645292392
32 85161840 2730454232
33 85217752 2815671984
34 85176072 2900848056
35 85202224 2986050280
36 85181072 3071231352
37 85217728 3156449080
38 85210880 3241659960
39 85183528 3326843488
40 85176952 3412020440
41 85254848 3497275288
42 85206552 3582481840
43 85168744 3667650584
44 85169032 3752819616
45 85303776 3838123392
46 85183144 3923306536
47 85178904 4008485440
48 85235912 4093721352
49 85195280 4178916632
50 85175984 4264092616
51 85161416 4349254032
52 85193608 4434447640
53 85174808 4519622448
54 85172232 4604794680
55 85185096 4689979776
56 85164456 4775144232
57 85148208 4860292440
58 85191192 4945483632
59 85166248 5030649880
60 85267096 5115916976
61 85187456 5201104432
62 85151856 5286256288
63 85158928 5371415216
64 85214720 5456629936
65 85161360 5541791296
66 85166848 5626958144
67 85149248 5712107392
68 85163184 5797270576
69 85177216 5882447792
70 85192248 5967640040
71 85168632 6052808672
72 85339016 6138147688
73 85165232 6223312920
74 85287880 6308600800
75 85160840 6393761640
76 85165312 6478926952
77 85154608 6564081560
78 85189608 6649271168
79 85179320 6734450488
80 85134464 6819584952
81 85188960 6904773912
82 85209056 6989982968
83 85165032 7075148000
84 85189312 7160337312
85 85141152 7245478464
86 85180936 7330659400
87 85171384 7415830784
88 85170656 7501001440
89 85210376 7586211816
90 85171280 7671383096
91 85149720 7756532816
92 85159808 7841692624
93 85199800 7926892424
94 85150376 8012042800
95 85161064 8097203864
96 85152472 8182356336
97 85182912 8267539248
98 85187896 8352727144
99 85297728 8438024872
1 85720856 85720856
2 85199160 170920016
3 85291712 256211728
4 85214096 341425824
5 85215064 426640888
6 85189872 511830760
7 85231896 597062656
8 85185120 682247776
9 85165992 767413768
10 85242216 852655984
11 85166744 937822728
12 85173616 1022996344
13 85167192 1108163536
14 85180472 1193344008
15 85204080 1278548088
16 85173760 1363721848
17 85177592 1448899440
18 85250080 1534149520
19 85180904 1619330424
20 85277904 1704608328
21 85296952 1789905280
22 85202048 1875107328
23 85976488 1961083816
24 84851424 2045935240
25 87761128 2133696368
26 86308688 2220005056
27 85590352 2305595408
28 85365072 2390960480
29 85416872 2476377352
30 85224416 2561601768
31 85199352 2646801120
32 85209192 2732010312
33 85231216 2817241528
34 85205824 2902447352
35 85211464 2987658816
36 85163904 3072822720
37 85199736 3158022456
38 85178776 3243201232
39 85224416 3328425648
40 85266600 3413692248
41 85165368 3498857616
42 85196720 3584054336
43 85218328 3669272664
44 85174256 3754446920
45 85223528 3839670448
46 85206952 3924877400
47 85202296 4010079696
48 85198280 4095277976
49 85190936 4180468912
50 85219208 4265688120
51 85205848 4350893968
52 85188640 4436082608
53 85151336 4521233944
54 85180664 4606414608
55 85178616 4691593224
56 85203856 4776797080
57 85184536 4861981616
58 85244136 4947225752
59 85186384 5032412136
60 85251696 5117663832
61 85185144 5202848976
62 85190064 5288039040
63 85243896 5373282936
64 85222056 5458504992
65 85188896 5543693888
66 85192944 5628886832
67 85163528 5714050360
68 85197352 5799247712
69 85185624 5884433336
70 85313456 5969746792
71 85197416 6054944208
72 85199800 6140144008
73 85199192 6225343200
74 85155216 6310498416
75 85162952 6395661368
76 85204808 6480866176
77 85202864 6566069040
78 85164968 6651234008
79 85225640 6736459648
80 85320008 6821779656
81 85196168 6906975824
82 85204536 6992180360
83 85288176 7077468536
84 85195760 7162664296
85 85181952 7247846248
86 85192784 7333039032
87 85183112 7418222144
88 85200432 7503422576
89 85209680 7588632256
90 85189352 7673821608
91 85225744 7759047352
92 85188032 7844235384
93 85211544 7929446928
94 85264800 8014711728
95 85200000 8099911728
96 85215368 8185127096
97 86232656 8271359752
98 85187128 8356546880
99 85187080 8441733960
1 85745072 85745072
2 85201776 170946848
3 85186792 256133640
4 88344976 344478616
5 84404080 428882696
6 84223864 513106560
7 84228912 597335472
8 84222576 681558048
9 84239912 765797960
10 84250856 850048816
11 84196744 934245560
12 84278656 1018524216
13 84218824 1102743040
14 84220704 1186963744
15 84244688 1271208432
16 84225312 1355433744
17 84223904 1439657648
18 84225312 1523882960
19 84246272 1608129232
20 84227416 1692356648
21 84326096 1776682744
22 84264776 1860947520
23 84330008 1945277528
24 84311896 2029589424
25 84518184 2114107608
26 84259040 2198366648
27 84584552 2282951200
28 85072856 2368024056
29 88028024 2456052080
30 86587112 2542639192
31 86649920 2629289112
32 86573144 2715862256
33 85755560 2801617816
34 85212704 2886830520
35 85397104 2972227624
36 85312032 3057539656
37 85185376 3142725032
38 85240856 3227965888
39 85193016 3313158904
40 85180232 3398339136
41 85168544 3483507680
42 85214944 3568722624
43 85178864 3653901488
44 85189152 3739090640
45 85233416 3824324056
46 85198560 3909522616
47 85214160 3994736776
48 85187312 4079924088
49 85180688 4165104776
50 85168936 4250273712
51 85166440 4335440152
52 85223312 4420663464
53 85187576 4505851040
54 85325904 4591176944
55 85192544 4676369488
56 85303976 4761673464
57 85204056 4846877520
58 85164824 4932042344
59 85267960 5017310304
60 85168728 5102479032
61 85175976 5187655008
62 85229176 5272884184
63 85190832 5358075016
64 85195392 5443270408
65 85202680 5528473088
66 85181480 5613654568
67 85210864 5698865432
68 85176720 5784042152
69 85341080 5869383232
70 85238824 5954622056
71 85197152 6039819208
72 85181376 6125000584
73 85243792 6210244376
74 85178448 6295422824
75 85194184 6380617008
76 85176456 6465793464
77 85190376 6550983840
78 85195448 6636179288
79 85196792 6721376080
80 85190088 6806566168
81 85188824 6891754992
82 85187016 6976942008
83 85197376 7062139384
84 85185848 7147325232
85 85188424 7232513656
86 85577016 7318090672
87 85208232 7403298904
88 85223328 7488522232
89 85176512 7573698744
90 85170656 7658869400
91 85201848 7744071248
92 85185168 7829256416
93 85236104 7914492520
94 85179232 7999671752
95 85199800 8084871552
96 85195032 8170066584
97 85182072 8255248656
98 85183120 8340431776
99 85284472 8425716248
1 85717424 85717424
2 85177152 170894576
3 85200824 256095400
4 85188416 341283816
5 85184744 426468560
6 85189432 511657992
7 85200264 596858256
8 85217248 682075504
9 85211904 767287408
10 85164032 852451440
11 85172296 937623736
12 85180296 1022804032
13 85151792 1107955824
14 85211568 1193167392
15 85159920 1278327312
16 85177824 1363505136
17 85231896 1448737032
18 85184272 1533921304
19 85206272 1619127576
20 85186144 1704313720
21 85252320 1789566040
22 85256280 1874822320
23 85574256 1960396576
24 85320312 2045716888
25 85190592 2130907480
26 85191504 2216098984
27 85818096 2301917080
28 85230712 2387147792
29 84496328 2471644120
30 85148048 2556792168
31 87617608 2644409776
32 86683120 2731092896
33 86657368 2817750264
34 86616408 2904366672
35 85974560 2990341232
36 85214336 3075555568
37 85378800 3160934368
38 85238568 3246172936
39 85177000 3331349936
40 85187552 3416537488
41 85179400 3501716888
42 86232064 3587948952
43 85179168 3673128120
44 85195848 3758323968
45 85186488 3843510456
46 85185320 3928695776
47 85198664 4013894440
48 85222304 4099116744
49 85168632 4184285376
50 85184672 4269470048
51 85164064 4354634112
52 85230352 4439864464
53 85171936 4525036400
54 85214024 4610250424
55 85156808 4695407232
56 85194232 4780601464
57 85179688 4865781152
58 85156632 4950937784
59 85161720 5036099504
60 85167048 5121266552
61 85140960 5206407512
62 85194592 5291602104
63 85175440 5376777544
64 85215488 5461993032
65 85161000 5547154032
66 85203168 5632357200
67 85201736 5717558936
68 85201536 5802760472
69 85253024 5888013496
70 85170136 5973183632
71 85154776 6058338408
72 85163176 6143501584
73 85182960 6228684544
74 85189848 6313874392
75 85218792 6399093184
76 85191928 6484285112
77 85206888 6569492000
78 85257328 6654749328
79 85278192 6740027520
80 85210616 6825238136
81 85165112 6910403248
82 85164392 6995567640
83 85165240 7080732880
84 85217928 7165950808
85 85157736 7251108544
86 85139608 7336248152
87 85215464 7421463616
88 85180280 7506643896
89 85182584 7591826480
90 85213808 7677040288
91 85196984 7762237272
92 85219584 7847456856
93 85187520 7932644376
94 85194016 8017838392
95 85195216 8103033608
96 85172176 8188205784
97 85159768 8273365552
98 85158944 8358524496
99 85177632 8443702128
