1 136968632 136968632
2 134560176 271528808
3 134584088 406112896
4 134525704 540638600
5 134493256 675131856
6 134482176 809614032
7 134523752 944137784
8 134522736 1078660520
9 134615424 1213275944
10 134538168 1347814112
11 134514888 1482329000
12 134594624 1616923624
13 134589112 1751512736
14 134595144 1886107880
15 134606128 2020714008
16 135001128 2155715136
17 134693392 2290408528
18 135133552 2425542080
19 134832928 2560375008
20 134633312 2695008320
21 134675688 2829684008
22 134508504 2964192512
23 134598344 3098790856
24 134610392 3233401248
25 134646552 3368047800
26 134542952 3502590752
27 134551648 3637142400
28 134550120 3771692520
29 134497632 3906190152
30 134511976 4040702128
31 134624680 4175326808
32 134545576 4309872384
33 134878056 4444750440
34 135220928 4579971368
35 134684032 4714655400
36 134648392 4849303792
37 134816208 4984120000
38 135052456 5119172456
39 134821352 5253993808
40 135228800 5389222608
41 134733072 5523955680
42 135304288 5659259968
43 134570176 5793830144
44 134577752 5928407896
45 134579432 6062987328
46 134604216 6197591544
47 134512368 6332103912
48 134581184 6466685096
49 134520896 6601205992
50 134528200 6735734192
51 134866992 6870601184
52 134564136 7005165320
53 134819400 7139984720
54 134560936 7274545656
55 134515024 7409060680
56 134524360 7543585040
57 134486968 7678072008
58 134567464 7812639472
59 134473640 7947113112
60 134501640 8081614752
61 134949176 8216563928
62 134534264 8351098192
63 134506912 8485605104
64 134495376 8620100480
65 134561888 8754662368
66 134526232 8889188600
67 134524408 9023713008
68 134541576 9158254584
69 134537072 9292791656
70 134522192 9427313848
71 134470160 9561784008
72 134496864 9696280872
73 134514592 9830795464
74 134530424 9965325888
75 134502856 10099828744
76 134493976 10234322720
77 134544120 10368866840
78 134499912 10503366752
79 134531912 10637898664
80 134580904 10772479568
81 134520560 10907000128
82 134502688 11041502816
83 134641784 11176144600
84 134508888 11310653488
85 134525248 11445178736
86 134492352 11579671088
87 134514416 11714185504
88 134586528 11848772032
89 134595704 11983367736
90 134533816 12117901552
91 134563232 12252464784
92 134470432 12386935216
93 134604184 12521539400
94 134567328 12656106728
95 134587224 12790693952
96 134523928 12925217880
97 134582456 13059800336
98 134550192 13194350528
99 134599968 13328950496
1 136561016 136561016
2 134532800 271093816
3 134465632 405559448
4 134477072 540036520
5 134500008 674536528
6 134650000 809186528
7 134480920 943667448
8 134515184 1078182632
9 134484112 1212666744
10 134453864 1347120608
11 134765720 1481886328
12 134498664 1616384992
13 134530464 1750915456
14 134529608 1885445064
15 134654856 2020099920
16 134596720 2154696640
17 134692880 2289389520
18 134477896 2423867416
19 134590096 2558457512
20 134532328 2692989840
21 134556544 2827546384
22 134496120 2962042504
23 134483336 3096525840
24 134478760 3231004600
25 134491496 3365496096
26 134475448 3499971544
27 134487384 3634458928
28 134489128 3768948056
29 134517664 3903465720
30 134505352 4037971072
31 137001784 4174972856
32 135597960 4310570816
33 135534224 4446105040
34 135511584 4581616624
35 135530136 4717146760
36 135577408 4852724168
37 135566096 4988290264
38 135578728 5123868992
39 135599680 5259468672
40 135513072 5394981744
41 135596648 5530578392
42 135578888 5666157280
43 135576080 5801733360
44 135576216 5937309576
45 135523088 6072832664
46 135587944 6208420608
47 135582616 6344003224
48 135493792 6479497016
49 135560128 6615057144
50 135583000 6750640144
51 135579648 6886219792
52 135574704 7021794496
53 135539064 7157333560
54 135548936 7292882496
55 135547624 7428430120
56 135535240 7563965360
57 137078528 7701043888
58 134501208 7835545096
59 134540464 7970085560
60 134460688 8104546248
61 134515512 8239061760
62 134466640 8373528400
63 134454768 8507983168
64 134492848 8642476016
65 134487064 8776963080
66 134462800 8911425880
67 134463072 9045888952
68 134515256 9180404208
69 134469192 9314873400
70 134571008 9449444408
71 134489168 9583933576
72 134498808 9718432384
73 134490520 9852922904
74 134412824 9987335728
75 134546864 10121882592
76 134455264 10256337856
77 134465680 10390803536
78 134461328 10525264864
79 134470856 10659735720
80 134481328 10794217048
81 134497280 10928714328
82 134449480 11063163808
83 134476648 11197640456
84 134489712 11332130168
85 134498144 11466628312
86 134476864 11601105176
87 134516496 11735621672
88 134423096 11870044768
89 134495736 12004540504
90 134395608 12138936112
91 134502744 12273438856
92 134452184 12407891040
93 134480264 12542371304
94 134697504 12677068808
95 134501768 12811570576
96 135164904 12946735480
97 134569008 13081304488
98 134503024 13215807512
99 134421168 13350228680
1 139283336 139283336
2 136563096 275846432
3 136087824 411934256
4 135990408 547924664
5 136052816 683977480
6 135914976 819892456
7 136077536 955969992
8 136036952 1092006944
9 136035728 1228042672
10 135720816 1363763488
11 135689840 1499453328
12 135703248 1635156576
13 136014144 1771170720
14 136164448 1907335168
15 135652072 2042987240
16 135730392 2178717632
17 135638096 2314355728
18 135575712 2449931440
19 135591728 2585523168
20 135576392 2721099560
21 135611512 2856711072
22 135561472 2992272544
23 135579280 3127851824
24 135517856 3263369680
25 135624288 3398993968
26 135787176 3534781144
27 135639272 3670420416
28 135949416 3806369832
29 135713368 3942083200
30 135651048 4077734248
31 136160472 4213894720
32 135961184 4349855904
33 136127304 4485983208
34 135950648 4621933856
35 135949312 4757883168
36 135760920 4893644088
37 135595464 5029239552
38 135990176 5165229728
39 135836992 5301066720
40 135928624 5436995344
41 135791120 5572786464
42 135820968 5708607432
43 135956960 5844564392
44 135906472 5980470864
45 136023080 6116493944
46 136107504 6252601448
47 135921264 6388522712
48 136541408 6525064120
49 135988592 6661052712
50 135980512 6797033224
51 135951952 6932985176
52 135685112 7068670288
53 135625424 7204295712
54 135553112 7339848824
55 135632536 7475481360
56 135559736 7611041096
57 135683472 7746724568
58 135633528 7882358096
59 135759800 8018117896
60 136492136 8154610032
61 136021344 8290631376
62 135663584 8426294960
63 135610048 8561905008
64 135678368 8697583376
65 135810320 8833393696
66 135568528 8968962224
67 135601232 9104563456
68 135795664 9240359120
69 137044432 9377403552
70 135752776 9513156328
71 135706632 9648862960
72 135658888 9784521848
73 135676088 9920197936
74 135597528 10055795464
75 135553712 10191349176
76 135602984 10326952160
77 135616144 10462568304
78 135647288 10598215592
79 135675320 10733890912
80 135623560 10869514472
81 135604632 11005119104
82 135649160 11140768264
83 135597848 11276366112
84 135587808 11411953920
85 135555392 11547509312
86 135625672 11683134984
87 135660792 11818795776
88 135571936 11954367712
89 135508880 12089876592
90 135617120 12225493712
91 135615472 12361109184
92 135617576 12496726760
93 135547408 12632274168
94 135675688 12767949856
95 140241008 12908190864
96 135619136 13043810000
97 135632944 13179442944
98 135559896 13315002840
99 135940880 13450943720
1 137273624 137273624
2 135885120 273158744
3 135833632 408992376
4 135851416 544843792
5 135683768 680527560
6 135561712 816089272
7 135601312 951690584
8 135493424 1087184008
9 135625680 1222809688
10 135562472 1358372160
11 135507784 1493879944
12 135594192 1629474136
13 135591816 1765065952
14 135604688 1900670640
15 135718592 2036389232
16 135564816 2171954048
17 135541576 2307495624
18 135563808 2443059432
19 135537400 2578596832
20 135542888 2714139720
21 135560256 2849699976
22 135649952 2985349928
23 135626600 3120976528
24 135750080 3256726608
25 135637496 3392364104
26 135617496 3527981600
27 135558520 3663540120
28 135603848 3799143968
29 135649576 3934793544
30 135644824 4070438368
31 137253600 4207691968
32 135641824 4343333792
33 135568256 4478902048
34 135591328 4614493376
35 135547408 4750040784
36 135814760 4885855544
37 135611864 5021467408
38 135532944 5157000352
39 136976384 5293976736
40 135550592 5429527328
41 135590800 5565118128
42 135552704 5700670832
43 135557184 5836228016
44 135541672 5971769688
45 135570432 6107340120
46 135592800 6242932920
47 135600648 6378533568
48 135714872 6514248440
49 135667600 6649916040
50 135606928 6785522968
51 135605000 6921127968
52 135585280 7056713248
53 135731752 7192445000
54 135578848 7328023848
55 135554208 7463578056
56 135923032 7599501088
57 135652776 7735153864
58 135572952 7870726816
59 135549704 8006276520
60 135554672 8141831192
61 135591608 8277422800
62 135552040 8412974840
63 135619184 8548594024
64 135695632 8684289656
65 135560952 8819850608
66 135546440 8955397048
67 135591496 9090988544
68 135551472 9226540016
69 135546968 9362086984
70 135544088 9497631072
71 135905960 9633537032
72 135676616 9769213648
73 135489728 9904703376
74 135611592 10040314968
75 135574816 10175889784
76 135579680 10311469464
77 135636952 10447106416
78 135566872 10582673288
79 135599968 10718273256
80 135510920 10853784176
81 135606376 10989390552
82 135596344 11124986896
83 135540664 11260527560
84 135514952 11396042512
85 135463464 11531505976
86 135545768 11667051744
87 135480824 11802532568
88 135485712 11938018280
89 135458336 12073476616
90 135505080 12208981696
91 135538456 12344520152
92 135583488 12480103640
93 135479392 12615583032
94 135558448 12751141480
95 135523288 12886664768
96 135455776 13022120544
97 135439296 13157559840
98 135516344 13293076184
99 135487848 13428564032
1 136480328 136480328
2 135525360 272005688
3 135473816 407479504
4 135518056 542997560
5 135574328 678571888
6 135546408 814118296
7 135562512 949680808
8 135517136 1085197944
9 136926680 1222124624
10 135529448 1357654072
11 135543752 1493197824
12 135529776 1628727600
13 135547736 1764275336
14 135549672 1899825008
15 135552032 2035377040
16 135601264 2170978304
17 135693352 2306671656
18 135639840 2442311496
19 135611328 2577922824
20 135579120 2713501944
21 135600528 2849102472
22 135597024 2984699496
23 135582040 3120281536
24 135556360 3255837896
25 135582024 3391419920
26 135602768 3527022688
27 135589808 3662612496
28 135580096 3798192592
29 135582216 3933774808
30 135619920 4069394728
31 135597720 4204992448
32 135612608 4340605056
33 135608088 4476213144
34 139457672 4615670816
35 134496008 4750166824
36 134584040 4884750864
37 134542280 5019293144
38 134569896 5153863040
39 134526600 5288389640
40 134451792 5422841432
41 134517680 5557359112
42 134530648 5691889760
43 134506888 5826396648
44 134498488 5960895136
45 134513256 6095408392
46 134514512 6229922904
47 134487816 6364410720
48 134591464 6499002184
49 134713224 6633715408
50 134571272 6768286680
51 134550784 6902837464
52 134527384 7037364848
53 134513424 7171878272
54 134528784 7306407056
55 134527064 7440934120
56 134512888 7575447008
57 134512104 7709959112
58 134530600 7844489712
59 134459848 7978949560
60 134582704 8113532264
61 134512496 8248044760
62 134616688 8382661448
63 134546344 8517207792
64 134539008 8651746800
65 134523648 8786270448
66 134526776 8920797224
67 134591888 9055389112
68 134614336 9190003448
69 134551544 9324554992
70 134575008 9459130000
71 134489776 9593619776
72 134522920 9728142696
73 134541264 9862683960
74 134545992 9997229952
75 134518392 10131748344
76 134692784 10266441128
77 134507560 10400948688
78 137290328 10538239016
79 135618920 10673857936
80 135588184 10809446120
81 135608736 10945054856
82 135626208 11080681064
83 135534256 11216215320
84 135588664 11351803984
85 135587952 11487391936
86 135627232 11623019168
87 135630096 11758649264
88 135584344 11894233608
89 135625504 12029859112
90 135631944 12165491056
91 135630248 12301121304
92 135534856 12436656160
93 135583464 12572239624
94 135610536 12707850160
95 135588856 12843439016
96 135595616 12979034632
97 135587256 13114621888
98 135638840 13250260728
99 135635192 13385895920
1 136603928 136603928
2 135600656 272204584
3 135575624 407780208
4 135515744 543295952
5 135634008 678929960
6 135589904 814519864
7 135568088 950087952
8 135521168 1085609120
9 135576848 1221185968
10 135556936 1356742904
11 135517208 1492260112
12 135604040 1627864152
13 135606040 1763470192
14 135585344 1899055536
15 135576960 2034632496
16 135737512 2170370008
17 135589800 2305959808
18 135571520 2441531328
19 135657176 2577188504
20 135634040 2712822544
21 135510568 2848333112
22 135554240 2983887352
23 135506136 3119393488
24 135572240 3254965728
25 135544056 3390509784
26 135615568 3526125352
27 135520816 3661646168
28 135607336 3797253504
29 135545208 3932798712
30 135526008 4068324720
31 135584160 4203908880
32 135630984 4339539864
33 135556896 4475096760
34 135552224 4610648984
35 135547280 4746196264
36 135558080 4881754344
37 135548480 5017302824
38 135574456 5152877280
39 135776768 5288654048
40 135866808 5424520856
41 135920256 5560441112
42 135870272 5696311384
43 136059472 5832370856
44 135717864 5968088720
45 135634040 6103722760
46 135868160 6239590920
47 135909160 6375500080
48 137153792 6512653872
49 135603368 6648257240
50 135822840 6784080080
51 135909144 6919989224
52 135715200 7055704424
53 135785712 7191490136
54 135792144 7327282280
55 135820208 7463102488
56 135887080 7598989568
57 135885840 7734875408
58 135713816 7870589224
59 136123216 8006712440
60 135611488 8142323928
61 135720400 8278044328
62 135889704 8413934032
63 136022840 8549956872
64 135966128 8685923000
65 135756328 8821679328
66 136389984 8958069312
67 135727712 9093797024
68 136190184 9229987208
69 135804272 9365791480
70 135950880 9501742360
71 135789048 9637531408
72 140854464 9778385872
73 135086696 9913472568
74 139523728 10052996296
75 134747728 10187744024
76 134486296 10322230320
77 134547968 10456778288
78 134524880 10591303168
79 134535888 10725839056
80 134386376 10860225432
81 134481856 10994707288
82 134501584 11129208872
83 134481688 11263690560
84 134558928 11398249488
85 134516640 11532766128
86 134666112 11667432240
87 134468552 11801900792
88 134547904 11936448696
89 134519808 12070968504
90 134520024 12205488528
91 134517560 12340006088
92 134528072 12474534160
93 134480488 12609014648
94 134487944 12743502592
95 134527824 12878030416
96 134556128 13012586544
97 134528248 13147114792
98 134593640 13281708432
99 134533368 13416241800
1 136593824 136593824
2 134512600 271106424
3 134492776 405599200
4 134484880 540084080
5 134472048 674556128
6 134532520 809088648
7 134533328 943621976
8 134502464 1078124440
9 134487080 1212611520
10 134415024 1347026544
11 134510920 1481537464
12 134498152 1616035616
13 134473216 1750508832
14 134487616 1884996448
15 134637944 2019634392
16 134781872 2154416264
17 134479416 2288895680
18 136965336 2425861016
19 135687296 2561548312
20 135721800 2697270112
21 135579552 2832849664
22 135567896 2968417560
23 135521904 3103939464
24 135519304 3239458768
25 135575640 3375034408
26 135522176 3510556584
27 135474616 3646031200
28 135511712 3781542912
29 135614936 3917157848
30 135568336 4052726184
31 135519248 4188245432
32 135499384 4323744816
33 135587216 4459332032
34 135507760 4594839792
35 135551904 4730391696
36 135586648 4865978344
37 135479248 5001457592
38 135534504 5136992096
39 135565424 5272557520
40 135606472 5408163992
41 135719016 5543883008
42 135613144 5679496152
43 135512928 5815009080
44 135607768 5950616848
45 135513632 6086130480
46 135562024 6221692504
47 135672152 6357364656
48 135917456 6493282112
49 136171568 6629453680
50 135914696 6765368376
51 135788592 6901156968
52 135658312 7036815280
53 136307616 7173122896
54 136546736 7309669632
55 135565048 7445234680
56 135786936 7581021616
57 135703304 7716724920
58 135620720 7852345640
59 135707528 7988053168
60 135843744 8123896912
61 135502632 8259399544
62 135589272 8394988816
63 135835904 8530824720
64 135767616 8666592336
65 135570696 8802163032
66 135646016 8937809048
67 135612328 9073421376
68 135692984 9209114360
69 135590640 9344705000
70 135603576 9480308576
71 135546128 9615854704
72 135542296 9751397000
73 135545160 9886942160
74 135546056 10022488216
75 135583192 10158071408
76 135613600 10293685008
77 137448728 10431133736
78 135666976 10566800712
79 136175376 10702976088
80 136343032 10839319120
81 135749344 10975068464
82 135562632 11110631096
83 135600376 11246231472
84 135516912 11381748384
85 135580080 11517328464
86 135570464 11652898928
87 136881424 11789780352
88 136460176 11926240528
89 135498944 12061739472
90 135572664 12197312136
91 135542936 12332855072
92 135553008 12468408080
93 135551008 12603959088
94 135549472 12739508560
95 135701344 12875209904
96 135545296 13010755200
97 135613576 13146368776
98 135595496 13281964272
99 135563056 13417527328
1 136548168 136548168
2 135568992 272117160
3 135566272 407683432
4 135615272 543298704
5 135634104 678932808
6 135626096 814558904
7 135654784 950213688
8 135596120 1085809808
9 135591752 1221401560
10 135534584 1356936144
11 140224728 1497160872
12 135655192 1632816064
13 135539144 1768355208
14 135962816 1904318024
15 135673168 2039991192
16 136352792 2176343984
17 136249848 2312593832
18 135984264 2448578096
19 135994832 2584572928
20 135521432 2720094360
21 136198200 2856292560
22 136342896 2992635456
23 136379776 3129015232
24 136572624 3265587856
25 135677112 3401264968
26 136138592 3537403560
27 136472912 3673876472
28 137566352 3811442824
29 137058216 3948501040
30 137151720 4085652760
31 136004624 4221657384
32 135686768 4357344152
33 135600416 4492944568
34 135772136 4628716704
35 135638104 4764354808
36 136103416 4900458224
37 135494384 5035952608
38 208836680 5244789288
39 147211760 5392001048
40 135713656 5527714704
41 136442360 5664157064
42 135685800 5799842864
43 135566352 5935409216
44 135571800 6070981016
45 135887800 6206868816
46 137713736 6344582552
47 135537792 6480120344
48 135796576 6615916920
49 135997088 6751914008
50 135919576 6887833584
51 136326840 7024160424
52 136079808 7160240232
53 135983568 7296223800
54 135783168 7432006968
55 135804992 7567811960
56 135871512 7703683472
57 135602024 7839285496
58 135579880 7974865376
59 136017184 8110882560
60 135861504 8246744064
61 135691576 8382435640
62 135886440 8518322080
63 135789512 8654111592
64 136005352 8790116944
65 135904232 8926021176
66 135572728 9061593904
67 135884320 9197478224
68 135913592 9333391816
69 135700976 9469092792
70 135573216 9604666008
71 135626616 9740292624
72 135677248 9875969872
73 135540176 10011510048
74 135845208 10147355256
75 136065616 10283420872
76 135904784 10419325656
77 135786696 10555112352
78 135682856 10690795208
79 135682160 10826477368
80 135581448 10962058816
81 135790360 11097849176
82 135841544 11233690720
83 135592816 11369283536
84 135589784 11504873320
85 135656736 11640530056
86 135586536 11776116592
87 136054128 11912170720
88 136025088 12048195808
89 135953624 12184149432
90 136016488 12320165920
91 135912936 12456078856
92 135591568 12591670424
93 135648560 12727318984
94 135653872 12862972856
95 135553008 12998525864
96 135531296 13134057160
97 135454256 13269511416
98 135589472 13405100888
99 135548992 13540649880
1 136595288 136595288
2 135613256 272208544
3 135731040 407939584
4 135627040 543566624
5 135750392 679317016
6 135891488 815208504
7 135996064 951204568
8 135580232 1086784800
9 135703608 1222488408
10 135543544 1358031952
11 135868832 1493900784
12 135919760 1629820544
13 136029592 1765850136
14 135461928 1901312064
15 135715848 2037027912
16 135629472 2172657384
17 135878264 2308535648
18 135861368 2444397016
19 135775480 2580172496
20 135564136 2715736632
21 135701104 2851437736
22 135706128 2987143864
23 135668040 3122811904
24 135897056 3258708960
25 135926104 3394635064
26 135963360 3530598424
27 135848992 3666447416
28 135692360 3802139776
29 135573000 3937712776
30 135714432 4073427208
31 135696704 4209123912
32 135735744 4344859656
33 135690456 4480550112
34 135842824 4616392936
35 135914816 4752307752
36 135562776 4887870528
37 135572616 5023443144
38 135969728 5159412872
39 135756152 5295169024
40 135872864 5431041888
41 136067904 5567109792
42 136001112 5703110904
43 136761512 5839872416
44 135680544 5975552960
45 135532640 6111085600
46 135657552 6246743152
47 136337344 6383080496
48 138413544 6521494040
49 134536584 6656030624
50 134585504 6790616128
51 134514640 6925130768
52 134500520 7059631288
53 134488648 7194119936
54 134469856 7328589792
55 134491216 7463081008
56 134530408 7597611416
57 134539960 7732151376
58 134482736 7866634112
59 134494880 8001128992
60 134516056 8135645048
61 134562192 8270207240
62 134477328 8404684568
63 134507832 8539192400
64 134518040 8673710440
65 134481944 8808192384
66 134648312 8942840696
67 134457432 9077298128
68 134504656 9211802784
69 134552216 9346355000
70 134608528 9480963528
71 134534824 9615498352
72 134481216 9749979568
73 134527896 9884507464
74 134530560 10019038024
75 134553736 10153591760
76 134525472 10288117232
77 134495544 10422612776
78 134499448 10557112224
79 134504720 10691616944
80 134615928 10826232872
81 134512024 10960744896
82 134487808 11095232704
83 134537192 11229769896
84 134553176 11364323072
85 134472816 11498795888
86 134779224 11633575112
87 134532392 11768107504
88 134494424 11902601928
89 134884736 12037486664
90 134651352 12172138016
91 134493400 12306631416
92 134496096 12441127512
93 134512752 12575640264
94 134515456 12710155720
95 134497200 12844652920
96 134538280 12979191200
97 134469096 13113660296
98 134577952 13248238248
99 134605968 13382844216
1 136644416 136644416
2 134587000 271231416
3 134635432 405866848
4 134649896 540516744
5 134532824 675049568
6 134577840 809627408
7 134435120 944062528
8 134579672 1078642200
9 134598568 1213240768
10 134565288 1347806056
11 134516144 1482322200
12 134547200 1616869400
13 134542688 1751412088
14 134546800 1885958888
15 134543352 2020502240
16 134979496 2155481736
17 134589000 2290070736
18 134596568 2424667304
19 134508656 2559175960
20 134562120 2693738080
21 134550592 2828288672
22 134526616 2962815288
23 134520320 3097335608
24 134917064 3232252672
25 134589568 3366842240
26 134646088 3501488328
27 134527672 3636016000
28 134532184 3770548184
29 134509552 3905057736
30 134533344 4039591080
31 134546280 4174137360
32 134564264 4308701624
33 134543128 4443244752
34 134484360 4577729112
35 134520792 4712249904
36 134508528 4846758432
37 134572456 4981330888
38 134567184 5115898072
39 134520856 5250418928
40 134546200 5384965128
41 134507128 5519472256
42 134515976 5653988232
43 134499808 5788488040
44 134547848 5923035888
45 134570712 6057606600
46 134584016 6192190616
47 134496848 6326687464
48 134512168 6461199632
49 134527376 6595727008
50 134569152 6730296160
51 134891328 6865187488
52 134478064 6999665552
53 134883064 7134548616
54 134558976 7269107592
55 134783040 7403890632
56 134565904 7538456536
57 134536952 7672993488
58 134545064 7807538552
59 134544624 7942083176
60 137063368 8079146544
61 135622576 8214769120
62 135587008 8350356128
63 135585096 8485941224
64 135716552 8621657776
65 135603888 8757261664
66 135551896 8892813560
67 135568616 9028382176
68 135614976 9163997152
69 135585912 9299583064
70 135589840 9435172904
71 135639784 9570812688
72 135582056 9706394744
73 135780800 9842175544
74 135617976 9977793520
75 136382352 10114175872
76 135595072 10249770944
77 135616056 10385387000
78 135538264 10520925264
79 135870272 10656795536
80 135686944 10792482480
81 135542512 10928024992
82 136414008 11064439000
83 135893216 11200332216
84 135657080 11335989296
85 135808976 11471798272
86 135618776 11607417048
87 137788472 11745205520
88 134544840 11879750360
89 134871128 12014621488
90 134508696 12149130184
91 134600616 12283730800
92 134581128 12418311928
93 134493632 12552805560
94 134536520 12687342080
95 134559192 12821901272
96 134524696 12956425968
97 134567504 13090993472
98 134530856 13225524328
99 134552424 13360076752
1 136502216 136502216
2 134502816 271005032
3 134424048 405429080
4 134437576 539866656
5 134590264 674456920
6 134452496 808909416
7 134469856 943379272
8 134474568 1077853840
9 134502536 1212356376
10 134483952 1346840328
11 134473528 1481313856
12 134618688 1615932544
13 134611336 1750543880
14 134424056 1884967936
15 134419192 2019387128
16 135063712 2154450840
17 134522824 2288973664
18 134414160 2423387824
19 134484632 2557872456
20 134449016 2692321472
21 134464312 2826785784
22 134469200 2961254984
23 134499848 3095754832
24 134478120 3230232952
25 134444032 3364676984
26 134485744 3499162728
27 134604968 3633767696
28 134491968 3768259664
29 134463056 3902722720
30 136984176 4039706896
31 135697928 4175404824
32 135472968 4310877792
33 135483632 4446361424
34 135639696 4582001120
35 135559960 4717561080
36 135602680 4853163760
37 135596256 4988760016
38 135654360 5124414376
39 135513896 5259928272
40 135807304 5395735576
41 135539096 5531274672
42 135499944 5666774616
43 135531072 5802305688
44 135579376 5937885064
45 135529952 6073415016
46 135597320 6209012336
47 135465768 6344478104
48 135610224 6480088328
49 135513072 6615601400
50 135561456 6751162856
51 135480512 6886643368
52 135576832 7022220200
53 135492392 7157712592
54 135526160 7293238752
55 135457408 7428696160
56 135535800 7564231960
57 135718384 7699950344
58 135650088 7835600432
59 135660800 7971261232
60 135611872 8106873104
61 135663472 8242536576
62 135549648 8378086224
63 135489600 8513575824
64 135545120 8649120944
65 135578744 8784699688
66 135858648 8920558336
67 135754968 9056313304
68 135886616 9192199920
69 135582600 9327782520
70 135629544 9463412064
71 135700688 9599112752
72 135761080 9734873832
73 135500328 9870374160
74 135588456 10005962616
75 135509680 10141472296
76 135503688 10276975984
77 135554600 10412530584
78 135512344 10548042928
79 135554920 10683597848
80 135660464 10819258312
81 135610776 10954869088
82 135617336 11090486424
83 135605200 11226091624
84 135725016 11361816640
85 135659024 11497475664
86 135550552 11633026216
87 135902808 11768929024
88 135899528 11904828552
89 135927992 12040756544
90 135902896 12176659440
91 135889960 12312549400
92 135983584 12448532984
93 135795192 12584328176
94 136316152 12720644328
95 135812784 12856457112
96 135762536 12992219648
97 135705616 13127925264
98 135752760 13263678024
99 136944552 13400622576
1 136652832 136652832
2 135593960 272246792
3 135453040 407699832
4 135522160 543221992
5 135505112 678727104
6 135522608 814249712
7 135597176 949846888
8 135521568 1085368456
9 135519216 1220887672
10 135573112 1356460784
11 135534832 1491995616
12 135512696 1627508312
13 135577296 1763085608
14 135533136 1898618744
15 135610392 2034229136
16 135498088 2169727224
17 135618984 2305346208
18 135592216 2440938424
19 135551704 2576490128
20 135515592 2712005720
21 135589968 2847595688
22 135509568 2983105256
23 135585160 3118690416
24 135557176 3254247592
25 135564408 3389812000
26 139112072 3528924072
27 134484528 3663408600
28 134493112 3797901712
29 134537520 3932439232
30 134488440 4066927672
31 134508896 4201436568
32 134492952 4335929520
33 134560512 4470490032
34 134507240 4604997272
35 134451800 4739449072
36 134443912 4873892984
37 134490664 5008383648
38 134459096 5142842744
39 134458536 5277301280
40 134432744 5411734024
41 134470288 5546204312
42 134498296 5680702608
43 134468152 5815170760
44 134459904 5949630664
45 134481776 6084112440
46 134499512 6218611952
47 134487016 6353098968
48 134512072 6487611040
49 134411648 6622022688
50 134519840 6756542528
51 134516360 6891058888
52 134512016 7025570904
53 134509760 7160080664
54 134504240 7294584904
55 134526072 7429110976
56 134471680 7563582656
57 134435680 7698018336
58 134492528 7832510864
59 134400464 7966911328
60 134462528 8101373856
61 134560168 8235934024
62 134465104 8370399128
63 134455816 8504854944
64 134689896 8639544840
65 134702048 8774246888
66 134450480 8908697368
67 134520168 9043217536
68 134503632 9177721168
69 136872832 9314594000
70 135590424 9450184424
71 135601512 9585785936
72 135509584 9721295520
73 135531616 9856827136
74 135498072 9992325208
75 135574352 10127899560
76 135567216 10263466776
77 135501424 10398968200
78 135530744 10534498944
79 135596696 10670095640
80 135516528 10805612168
81 135633672 10941245840
82 135561696 11076807536
83 135521400 11212328936
84 135518568 11347847504
85 135565632 11483413136
86 135390000 11618803136
87 135535632 11754338768
88 135461416 11889800184
89 135464320 12025264504
90 135490448 12160754952
91 135582704 12296337656
92 135489456 12431827112
93 135465688 12567292800
94 135486800 12702779600
95 135537368 12838316968
96 135478728 12973795696
97 135495016 13109290712
98 135461408 13244752120
99 135478648 13380230768
1 136530360 136530360
2 135479040 272009400
3 135468232 407477632
4 135503064 542980696
5 135533776 678514472
6 135482200 813996672
7 135559224 949555896
8 135608160 1085164056
9 135817368 1220981424
10 135843176 1356824600
11 135811648 1492636248
12 135759688 1628395936
13 135783672 1764179608
14 135569816 1899749424
15 135553112 2035302536
16 135611960 2170914496
17 135979936 2306894432
18 135960376 2442854808
19 135971504 2578826312
20 136093960 2714920272
21 136033752 2850954024
22 135906648 2986860672
23 136058760 3122919432
24 135706352 3258625784
25 135579928 3394205712
26 135675200 3529880912
27 135555104 3665436016
28 135563024 3800999040
29 135579456 3936578496
30 135551936 4072130432
31 135655664 4207786096
32 135587216 4343373312
33 135630392 4479003704
34 135580168 4614583872
35 135584696 4750168568
36 135822632 4885991200
37 135584376 5021575576
38 135574368 5157149944
39 137033120 5294183064
40 135574656 5429757720
41 135576632 5565334352
42 135608592 5700942944
43 135639144 5836582088
44 135544424 5972126512
45 135518272 6107644784
46 135535632 6243180416
47 135609992 6378790408
48 135569648 6514360056
49 135499008 6649859064
50 135571248 6785430312
51 135571624 6921001936
52 135487000 7056488936
53 135530200 7192019136
54 135585440 7327604576
55 135650224 7463254800
56 135623488 7598878288
57 135661064 7734539352
58 135708624 7870247976
59 135576440 8005824416
60 135693112 8141517528
61 135591936 8277109464
62 135600848 8412710312
63 135524920 8548235232
64 137901624 8686136856
65 134500400 8820637256
66 134562448 8955199704
67 134517800 9089717504
68 134786368 9224503872
69 134469568 9358973440
70 134514992 9493488432
71 134481240 9627969672
72 134509992 9762479664
73 134527880 9897007544
74 134527936 10031535480
75 134511360 10166046840
76 134463768 10300510608
77 134507288 10435017896
78 134537608 10569555504
79 134599432 10704154936
80 134665896 10838820832
81 134511936 10973332768
82 134486512 11107819280
83 134487152 11242306432
84 134481976 11376788408
85 134523464 11511311872
86 134498176 11645810048
87 134463624 11780273672
88 134630640 11914904312
89 134513536 12049417848
90 134621040 12184038888
91 134624016 12318662904
92 134530512 12453193416
93 134841472 12588034888
94 134510816 12722545704
95 134728528 12857274232
96 134495952 12991770184
97 134519536 13126289720
98 134520416 13260810136
99 134510632 13395320768
1 136534240 136534240
2 134509520 271043760
3 134505992 405549752
4 134561880 540111632
5 134494576 674606208
6 134709176 809315384
7 134534216 943849600
8 134529728 1078379328
9 137193080 1215572408
10 135610872 1351183280
11 135615632 1486798912
12 135547456 1622346368
13 135553728 1757900096
14 135566864 1893466960
15 135648016 2029114976
16 135655640 2164770616
17 135519184 2300289800
18 135635312 2435925112
19 135570352 2571495464
20 135517264 2707012728
21 135528232 2842540960
22 135582976 2978123936
23 135531120 3113655056
24 135537104 3249192160
25 135545536 3384737696
26 135574768 3520312464
27 135592888 3655905352
28 135508608 3791413960
29 135543952 3926957912
30 135588168 4062546080
31 135668256 4198214336
32 135545568 4333759904
33 135583448 4469343352
34 135745144 4605088496
35 135595064 4740683560
36 135477616 4876161176
37 135612856 5011774032
38 135614648 5147388680
39 135613960 5283002640
40 135522712 5418525352
41 135560304 5554085656
42 135519000 5689604656
43 135595312 5825199968
44 135471024 5960670992
45 135609992 6096280984
46 135485880 6231766864
47 135576480 6367343344
48 135533536 6502876880
49 135618536 6638495416
50 135524528 6774019944
51 135579688 6909599632
52 135529264 7045128896
53 135553120 7180682016
54 135522392 7316204408
55 135592552 7451796960
56 135531592 7587328552
57 135604064 7722932616
58 135941192 7858873808
59 135729352 7994603160
60 135602416 8130205576
61 136055968 8266261544
62 135858456 8402120000
63 135971504 8538091504
64 135937448 8674028952
65 135882712 8809911664
66 135730024 8945641688
67 135926240 9081567928
68 135981464 9217549392
69 135721224 9353270616
70 135972680 9489243296
71 135966088 9625209384
72 136075024 9761284408
73 135626336 9896910744
74 135774736 10032685480
75 135736488 10168421968
76 135669520 10304091488
77 135809952 10439901440
78 136900416 10576801856
79 135719328 10712521184
80 136383888 10848905072
81 135949776 10984854848
82 135726736 11120581584
83 136140696 11256722280
84 136584472 11393306752
85 135624688 11528931440
86 135802232 11664733672
87 135838480 11800572152
88 135655208 11936227360
89 135592904 12071820264
90 135476464 12207296728
91 135619400 12342916128
92 135497336 12478413464
93 135685656 12614099120
94 135551976 12749651096
95 135576256 12885227352
96 135707968 13020935320
97 136038040 13156973360
98 136080224 13293053584
99 135795152 13428848736
1 136967632 136967632
2 136066632 273034264
3 136013680 409047944
4 136070912 545118856
5 135743208 680862064
6 135615216 816477280
7 135627064 952104344
8 136605032 1088709376
9 136139312 1224848688
10 135976816 1360825504
11 135738920 1496564424
12 135672248 1632236672
13 135745016 1767981688
14 136117336 1904099024
15 135854544 2039953568
16 135946648 2175900216
17 135657184 2311557400
18 135681832 2447239232
19 135682848 2582922080
20 135831984 2718754064
21 135731456 2854485520
22 135768776 2990254296
23 135913632 3126167928
24 136103640 3262271568
25 136055888 3398327456
26 136193328 3534520784
27 135956672 3670477456
28 135919424 3806396880
29 135993992 3942390872
30 135855848 4078246720
31 136006200 4214252920
32 136035024 4350287944
33 135706752 4485994696
34 135921608 4621916304
35 135981088 4757897392
36 135918176 4893815568
37 135636688 5029452256
38 135794880 5165247136
39 135561752 5300808888
40 135614960 5436423848
41 135689440 5572113288
42 135832472 5707945760
43 135682472 5843628232
44 135669120 5979297352
45 135590584 6114887936
46 135637696 6250525632
47 137040056 6387565688
48 135663224 6523228912
49 135546560 6658775472
50 135487672 6794263144
51 135616808 6929879952
52 135589640 7065469592
53 135493336 7200962928
54 135511224 7336474152
55 135587944 7472062096
56 135564048 7607626144
57 135522424 7743148568
58 135694896 7878843464
59 135660800 8014504264
60 135593112 8150097376
61 135675464 8285772840
62 135635232 8421408072
63 135518664 8556926736
64 135499272 8692426008
65 135583896 8828009904
66 135557136 8963567040
67 135656456 9099223496
68 135632672 9234856168
69 135708048 9370564216
70 135951072 9506515288
71 135763856 9642279144
72 135544848 9777823992
73 135918168 9913742160
74 135976016 10049718176
75 135627552 10185345728
76 136009960 10321355688
77 136406912 10457762600
78 136109064 10593871664
79 135835120 10729706784
80 136109344 10865816128
81 136318992 11002135120
82 135968968 11138104088
83 136277752 11274381840
84 135958968 11410340808
85 135705568 11546046376
86 135778896 11681825272
87 136241496 11818066768
88 135821176 11953887944
89 136056016 12089943960
90 136006472 12225950432
91 135984840 12361935272
92 136143872 12498079144
93 136344536 12634423680
94 136208584 12770632264
95 136125416 12906757680
96 136216648 13042974328
97 135965544 13178939872
98 135945800 13314885672
99 136266360 13451152032
1 137046968 137046968
2 135760120 272807088
3 135754400 408561488
4 135875136 544436624
5 135888848 680325472
6 135818296 816143768
7 135715232 951859000
8 135539656 1087398656
9 135634824 1223033480
10 136042992 1359076472
11 136125760 1495202232
12 135628336 1630830568
13 136214904 1767045472
14 135792872 1902838344
15 135922400 2038760744
16 137007880 2175768624
17 135592776 2311361400
18 137136208 2448497608
19 135605056 2584102664
20 135702128 2719804792
21 135825032 2855629824
22 135581408 2991211232
23 135542296 3126753528
24 135565600 3262319128
25 135681408 3398000536
26 135615992 3533616528
27 136051320 3669667848
28 136055040 3805722888
29 135989488 3941712376
30 136155496 4077867872
31 136045976 4213913848
32 135993536 4349907384
33 135850648 4485758032
34 135951064 4621709096
35 135938976 4757648072
36 135627920 4893275992
37 135716136 5028992128
38 135674632 5164666760
39 135675928 5300342688
40 135571296 5435913984
41 140363632 5576277616
42 135588496 5711866112
43 135610592 5847476704
44 135471696 5982948400
45 135527712 6118476112
46 135962600 6254438712
47 136131232 6390569944
48 135649744 6526219688
49 135692848 6661912536
50 136045104 6797957640
51 135774272 6933731912
52 135744712 7069476624
53 135701776 7205178400
54 135704584 7340882984
55 135715504 7476598488
56 135541304 7612139792
57 135590184 7747729976
58 135571376 7883301352
59 136292736 8019594088
60 135692400 8155286488
61 135882456 8291168944
62 135705648 8426874592
63 135943824 8562818416
64 136039776 8698858192
65 135947680 8834805872
66 135739408 8970545280
67 136419392 9106964672
68 135979416 9242944088
69 135780704 9378724792
70 135703760 9514428552
71 135762976 9650191528
72 136113488 9786305016
73 135999856 9922304872
74 135919072 10058223944
75 137161392 10195385336
76 135756048 10331141384
77 135641112 10466782496
78 135555456 10602337952
79 135755752 10738093704
80 135565952 10873659656
81 135721624 11009381280
82 135506112 11144887392
83 135624744 11280512136
84 135600560 11416112696
85 135587032 11551699728
86 135614864 11687314592
87 135592128 11822906720
88 135536488 11958443208
89 135660848 12094104056
90 135626688 12229730744
91 135573832 12365304576
92 135542912 12500847488
93 135558280 12636405768
94 135649920 12772055688
95 135632224 12907687912
96 135623776 13043311688
97 135568384 13178880072
98 135691176 13314571248
99 135567368 13450138616
1 136612056 136612056
2 135669424 272281480
3 135661056 407942536
4 135538504 543481040
5 135890928 679371968
6 135701432 815073400
7 135633936 950707336
8 135704144 1086411480
9 135606824 1222018304
10 135737864 1357756168
11 135783896 1493540064
12 135617536 1629157600
13 135873264 1765030864
14 136300520 1901331384
15 135596752 2036928136
16 135676432 2172604568
17 135762352 2308366920
18 136782296 2445149216
19 135638672 2580787888
20 135578744 2716366632
21 135601136 2851967768
22 135946344 2987914112
23 136073184 3123987296
24 136008800 3259996096
25 136094696 3396090792
26 135791360 3531882152
27 135657104 3667539256
28 135783216 3803322472
29 136029104 3939351576
30 136047880 4075399456
31 135878208 4211277664
32 135966728 4347244392
33 136089144 4483333536
34 135735096 4619068632
35 136061472 4755130104
36 136041272 4891171376
37 136193248 5027364624
38 135758368 5163122992
39 136463000 5299585992
40 135850616 5435436608
41 135999496 5571436104
42 135790104 5707226208
43 135995784 5843221992
44 135988168 5979210160
45 137450336 6116660496
46 135608688 6252269184
47 136274176 6388543360
48 135681360 6524224720
49 135657984 6659882704
50 135528600 6795411304
51 135602912 6931014216
52 135674104 7066688320
53 135630224 7202318544
54 135509256 7337827800
55 135603784 7473431584
56 135546816 7608978400
57 135595104 7744573504
58 135552304 7880125808
59 135611568 8015737376
60 135667992 8151405368
61 135942944 8287348312
62 135591072 8422939384
63 136005312 8558944696
64 135968888 8694913584
65 136068640 8830982224
66 135781408 8966763632
67 135774456 9102538088
68 135564360 9238102448
69 135568928 9373671376
70 135782008 9509453384
71 135950608 9645403992
72 136583520 9781987512
73 135593208 9917580720
74 135573192 10053153912
75 135565808 10188719720
76 135665136 10324384856
77 136266016 10460650872
78 136874128 10597525000
79 135531056 10733056056
80 136013360 10869069416
81 135962680 11005032096
82 136080904 11141113000
83 136090088 11277203088
84 135958176 11413161264
85 136093440 11549254704
86 135867984 11685122688
87 135827000 11820949688
88 135600664 11956550352
89 135623912 12092174264
90 135980152 12228154416
91 136062120 12364216536
92 136005496 12500222032
93 135754744 12635976776
94 135588944 12771565720
95 135580376 12907146096
96 135761248 13042907344
97 135598448 13178505792
98 135654672 13314160464
99 135733328 13449893792
1 136629264 136629264
2 135518824 272148088
3 135625616 407773704
4 135549032 543322736
5 135599784 678922520
6 135713592 814636112
7 135911664 950547776
8 135740840 1086288616
9 135563096 1221851712
10 136428880 1358280592
11 135971096 1494251688
12 135801824 1630053512
13 136383208 1766436720
14 135949032 1902385752
15 136035248 2038421000
16 136025968 2174446968
17 135968680 2310415648
18 135929592 2446345240
19 135980112 2582325352
20 136984872 2719310224
21 135590312 2854900536
22 135606224 2990506760
23 135496528 3126003288
24 135506320 3261509608
25 135623024 3397132632
26 135553128 3532685760
27 135593024 3668278784
28 135791560 3804070344
29 136042248 3940112592
30 135728672 4075841264
31 135717088 4211558352
32 136421272 4347979624
33 135917432 4483897056
34 135842120 4619739176
35 135783872 4755523048
36 135768952 4891292000
37 135679072 5026971072
38 135610592 5162581664
39 135579136 5298160800
40 135557264 5433718064
41 135560056 5569278120
42 135609040 5704887160
43 135600400 5840487560
44 136118024 5976605584
45 135576320 6112181904
46 135492336 6247674240
47 135570672 6383244912
48 135519352 6518764264
49 135577576 6654341840
50 135649536 6789991376
51 135646936 6925638312
52 135605768 7061244080
53 135697344 7196941424
54 135599600 7332541024
55 135612576 7468153600
56 135511288 7603664888
57 135779672 7739444560
58 135751680 7875196240
59 135589880 8010786120
60 135663152 8146449272
61 135548240 8281997512
62 135571528 8417569040
63 135558720 8553127760
64 135538160 8688665920
65 135543680 8824209600
66 135533816 8959743416
67 135539960 9095283376
68 135879472 9231162848
69 135609216 9366772064
70 135518040 9502290104
71 135602408 9637892512
72 135576760 9773469272
73 135589240 9909058512
74 135540552 10044599064
75 135486424 10180085488
76 135534136 10315619624
77 135533448 10451153072
78 135595072 10586748144
79 135533952 10722282096
80 135650800 10857932896
81 135559704 10993492600
82 135569592 11129062192
83 135498320 11264560512
84 135595280 11400155792
85 135709200 11535864992
86 135456096 11671321088
87 135631952 11806953040
88 135547024 11942500064
89 136896464 12079396528
90 135724352 12215120880
91 135603672 12350724552
92 135552160 12486276712
93 135664640 12621941352
94 135632624 12757573976
95 135558696 12893132672
96 135507736 13028640408
97 135514752 13164155160
98 135557920 13299713080
99 135619664 13435332744
1 136506784 136506784
2 135456560 271963344
3 135452680 407416024
4 135518936 542934960
5 135450432 678385392
6 135503968 813889360
7 135546368 949435728
8 135418192 1084853920
9 135435280 1220289200
10 135385760 1355674960
11 135445264 1491120224
12 135434048 1626554272
13 135406608 1761960880
14 135404224 1897365104
15 135551592 2032916696
16 135540040 2168456736
17 138853720 2307310456
18 134497072 2441807528
19 134454704 2576262232
20 134456408 2710718640
21 134481576 2845200216
22 134500336 2979700552
23 134761840 3114462392
24 134502656 3248965048
25 134502264 3383467312
26 134471432 3517938744
27 134468576 3652407320
28 134513128 3786920448
29 134459264 3921379712
30 134634728 4056014440
31 134450928 4190465368
32 134510080 4324975448
33 134435896 4459411344
34 134462192 4593873536
35 134491784 4728365320
36 134529872 4862895192
37 134451168 4997346360
38 134510416 5131856776
39 134457352 5266314128
40 134448392 5400762520
41 134540256 5535302776
42 134488904 5669791680
43 134448856 5804240536
44 134481976 5938722512
45 134474824 6073197336
46 134458992 6207656328
47 134473672 6342130000
48 134457256 6476587256
49 134452328 6611039584
50 134490640 6745530224
51 134429384 6879959608
52 134469664 7014429272
53 134464240 7148893512
54 134471560 7283365072
55 134450608 7417815680
56 134426064 7552241744
57 134585256 7686827000
58 134449472 7821276472
59 136938016 7958214488
60 135638376 8093852864
61 135696736 8229549600
62 135555928 8365105528
63 135640096 8500745624
64 135569008 8636314632
65 135466840 8771781472
66 135505200 8907286672
67 135477440 9042764112
68 135597048 9178361160
69 135672304 9314033464
70 135563888 9449597352
71 135504960 9585102312
72 135725152 9720827464
73 135513928 9856341392
74 135570552 9991911944
75 135560200 10127472144
76 135560512 10263032656
77 135558704 10398591360
78 135571480 10534162840
79 135487976 10669650816
80 135566168 10805216984
81 135497624 10940714608
82 135555816 11076270424
83 135534504 11211804928
84 135551064 11347355992
85 135592816 11482948808
86 135440960 11618389768
87 135440512 11753830280
88 135482040 11889312320
89 135397576 12024709896
90 135413704 12160123600
91 135463328 12295586928
92 135571200 12431158128
93 135460208 12566618336
94 135453984 12702072320
95 135446992 12837519312
96 135501240 12973020552
97 135465800 13108486352
98 135679424 13244165776
99 135502464 13379668240
1 136544056 136544056
2 135583656 272127712
3 135400944 407528656
4 135469640 542998296
5 135523944 678522240
6 135555336 814077576
7 135490376 949567952
8 135539808 1085107760
9 135531424 1220639184
10 135475000 1356114184
11 135514408 1491628592
12 135562984 1627191576
13 135547696 1762739272
14 135587448 1898326720
15 135591544 2033918264
16 135665048 2169583312
17 135603200 2305186512
18 135580456 2440766968
19 135693960 2576460928
20 135681456 2712142384
21 135594296 2847736680
22 135611864 2983348544
23 135554080 3118902624
24 135577688 3254480312
25 135661088 3390141400
26 135654568 3525795968
27 135782864 3661578832
28 135666544 3797245376
29 137125688 3934371064
30 135929888 4070300952
31 135639096 4205940048
32 135725168 4341665216
33 135652368 4477317584
34 135554728 4612872312
35 135768984 4748641296
36 135537784 4884179080
37 135549592 5019728672
38 135688696 5155417368
39 135633392 5291050760
40 135577208 5426627968
41 135609792 5562237760
42 135638784 5697876544
43 135604384 5833480928
44 135616560 5969097488
45 135662648 6104760136
46 135586968 6240347104
47 135604272 6375951376
48 135688256 6511639632
49 135614672 6647254304
50 135659112 6782913416
51 135574384 6918487800
52 135613568 7054101368
53 135572680 7189674048
54 135627184 7325301232
55 140338872 7465640104
56 135653416 7601293520
57 135648856 7736942376
58 135629112 7872571488
59 135501664 8008073152
60 135658464 8143731616
61 135652976 8279384592
62 135623920 8415008512
63 135590568 8550599080
64 135586720 8686185800
65 135644432 8821830232
66 135602544 8957432776
67 135581792 9093014568
68 135680872 9228695440
69 135650672 9364346112
70 135531080 9499877192
71 135581600 9635458792
72 135591704 9771050496
73 135564368 9906614864
74 135574288 10042189152
75 135570312 10177759464
76 135681064 10313440528
77 135555360 10448995888
78 135603680 10584599568
79 135618048 10720217616
80 135606576 10855824192
81 135583544 10991407736
82 135625552 11127033288
83 135667928 11262701216
84 135647456 11398348672
85 135505528 11533854200
86 135534384 11669388584
87 135560824 11804949408
88 135505936 11940455344
89 135544088 12075999432
90 135698336 12211697768
91 135535584 12347233352
92 135507688 12482741040
93 135524576 12618265616
94 135510176 12753775792
95 135532656 12889308448
96 135517832 13024826280
97 135550208 13160376488
98 136870208 13297246696
99 135672312 13432919008
1 136767888 136767888
2 135589576 272357464
3 135658680 408016144
4 135828920 543845064
5 135578272 679423336
6 135566344 814989680
7 135561576 950551256
8 135567768 1086119024
9 135519056 1221638080
10 135605752 1357243832
11 135555224 1492799056
12 135626064 1628425120
13 136018296 1764443416
14 136154032 1900597448
15 136141744 2036739192
16 136048120 2172787312
17 135829904 2308617216
18 135935080 2444552296
19 135563368 2580115664
20 135507064 2715622728
21 135615008 2851237736
22 135845936 2987083672
23 135914768 3122998440
24 135535248 3258533688
25 135542944 3394076632
26 135636672 3529713304
27 135570632 3665283936
28 135597216 3800881152
29 135586536 3936467688
30 135569160 4072036848
31 135682856 4207719704
32 135684696 4343404400
33 135764208 4479168608
34 135702808 4614871416
35 135811448 4750682864
36 135734808 4886417672
37 135766024 5022183696
38 135713688 5157897384
39 136307960 5294205344
40 135749640 5429954984
41 136068824 5566023808
42 136462864 5702486672
43 136004712 5838491384
44 135653040 5974144424
45 135596272 6109740696
46 135717416 6245458112
47 135568472 6381026584
48 135565912 6516592496
49 135539560 6652132056
50 135479208 6787611264
51 135556256 6923167520
52 135516552 7058684072
53 135573880 7194257952
54 135493672 7329751624
55 135552704 7465304328
56 135550552 7600854880
57 135576048 7736430928
58 135441400 7871872328
59 135701008 8007573336
60 136141968 8143715304
61 136996912 8280712216
62 136888384 8417600600
63 136716712 8554317312
64 136798336 8691115648
65 139749352 8830865000
66 135550192 8966415192
67 134900352 9101315544
68 140221216 9241536760
69 138150912 9379687672
70 137699344 9517387016
71 137916712 9655303728
72 137480312 9792784040
73 134834840 9927618880
74 134530856 10062149736
75 135156520 10197306256
76 135366928 10332673184
77 134657192 10467330376
78 134667856 10601998232
79 134622904 10736621136
80 134588456 10871209592
81 134652088 11005861680
82 134529096 11140390776
83 134697000 11275087776
84 134736072 11409823848
85 134642744 11544466592
86 134677336 11679143928
87 134618104 11813762032
88 134569208 11948331240
89 134518856 12082850096
90 134667640 12217517736
91 134658856 12352176592
92 134788408 12486965000
93 134629624 12621594624
94 134650184 12756244808
95 134544664 12890789472
96 134495232 13025284704
97 134544096 13159828800
98 134549912 13294378712
99 134518480 13428897192
1 136918176 136918176
2 134526816 271444992
3 134511368 405956360
4 134579680 540536040
5 134510936 675046976
6 134483648 809530624
7 134447432 943978056
8 134519392 1078497448
9 134487800 1212985248
10 134526576 1347511824
11 134434208 1481946032
12 134555520 1616501552
13 134574184 1751075736
14 134549216 1885624952
15 134598528 2020223480
16 134589944 2154813424
17 134568160 2289381584
18 134564224 2423945808
19 134568744 2558514552
20 134574432 2693088984
21 134445720 2827534704
22 134532496 2962067200
23 134572624 3096639824
24 134509928 3231149752
25 134550120 3365699872
26 134533944 3500233816
27 134556192 3634790008
28 134546384 3769336392
29 134574904 3903911296
30 134734584 4038645880
31 134993264 4173639144
32 134607936 4308247080
33 134481576 4442728656
34 134507072 4577235728
35 134506832 4711742560
36 134511320 4846253880
37 134528792 4980782672
38 134492520 5115275192
39 134522704 5249797896
40 134507472 5384305368
41 134455440 5518760808
42 134475168 5653235976
43 134503624 5787739600
44 134532632 5922272232
45 134494600 6056766832
46 134527800 6191294632
47 134491416 6325786048
48 134501328 6460287376
49 134497552 6594784928
50 134498720 6729283648
51 134504368 6863788016
52 134500632 6998288648
53 134560952 7132849600
54 134452920 7267302520
55 134454680 7401757200
56 134596576 7536353776
57 134625008 7670978784
58 134500160 7805478944
59 134531112 7940010056
60 134529432 8074539488
61 134507880 8209047368
62 134507776 8343555144
63 134508240 8478063384
64 136969016 8615032400
65 136190208 8751222608
66 137342456 8888565064
67 136907280 9025472344
68 139265808 9164738152
69 134710632 9299448784
70 139016080 9438464864
71 135319856 9573784720
72 138854168 9712638888
73 135352704 9847991592
74 137146048 9985137640
75 137130248 10122267888
76 136938736 10259206624
77 138071680 10397278304
78 137260872 10534539176
79 135923176 10670462352
80 135843928 10806306280
81 135941512 10942247792
82 136114984 11078362776
83 135739184 11214101960
84 135682768 11349784728
85 135554144 11485338872
86 135887320 11621226192
87 135967968 11757194160
88 135976440 11893170600
89 135547968 12028718568
90 135616160 12164334728
91 135577096 12299911824
92 135698896 12435610720
93 135644592 12571255312
94 135706056 12706961368
95 135733408 12842694776
96 135670184 12978364960
97 135625176 13113990136
98 135635768 13249625904
99 135728560 13385354464
1 136622376 136622376
2 135554648 272177024
3 135651912 407828936
4 135641664 543470600
5 135548096 679018696
6 135526712 814545408
7 135516600 950062008
8 135660720 1085722728
9 135539872 1221262600
10 135642448 1356905048
11 135490360 1492395408
12 135562616 1627958024
13 135565280 1763523304
14 135618632 1899141936
15 135698216 2034840152
16 135596104 2170436256
17 135558728 2305994984
18 135762840 2441757824
19 135519704 2577277528
20 135557728 2712835256
21 135540128 2848375384
22 135524784 2983900168
23 135542104 3119442272
24 135512504 3254954776
25 135559664 3390514440
26 135574352 3526088792
27 135543760 3661632552
28 135508736 3797141288
29 135829400 3932970688
30 140660808 4073631496
31 136398552 4210030048
32 136026472 4346056520
33 136069824 4482126344
34 136091816 4618218160
35 136112608 4754330768
36 136171224 4890501992
37 135998128 5026500120
38 136017744 5162517864
39 135834928 5298352792
40 135941480 5434294272
41 136009920 5570304192
42 135694736 5705998928
43 135846960 5841845888
44 136104424 5977950312
45 136269600 6114219912
46 143128480 6257348392
47 135790128 6393138520
48 136030376 6529168896
49 135750408 6664919304
50 136099024 6801018328
51 136004680 6937023008
52 135943640 7072966648
53 135869136 7208835784
54 135550992 7344386776
55 135554728 7479941504
56 135571136 7615512640
57 135848632 7751361272
58 135836640 7887197912
59 135757880 8022955792
60 135564384 8158520176
61 135587736 8294107912
62 135619096 8429727008
63 135554416 8565281424
64 135599064 8700880488
65 135502360 8836382848
66 135549384 8971932232
67 135559216 9107491448
68 135560720 9243052168
69 135633320 9378685488
70 135589408 9514274896
71 135752568 9650027464
72 135607216 9785634680
73 135585264 9921219944
74 135567816 10056787760
75 135546680 10192334440
76 135510520 10327844960
77 135574592 10463419552
78 135518200 10598937752
79 135549280 10734487032
80 135582480 10870069512
81 136110064 11006179576
82 135573416 11141752992
83 135458000 11277210992
84 135657608 11412868600
85 135541520 11548410120
86 135594680 11684004800
87 135579008 11819583808
88 135551824 11955135632
89 135530904 12090666536
90 135550280 12226216816
91 135614264 12361831080
92 135595224 12497426304
93 135536384 12632962688
94 135590736 12768553424
95 135515192 12904068616
96 135551384 13039620000
97 136044344 13175664344
98 135729752 13311394096
99 135519928 13446914024
1 136572048 136572048
2 135547304 272119352
3 135612160 407731512
4 135596520 543328032
5 135552936 678880968
6 135589496 814470464
7 135503152 949973616
8 135599704 1085573320
9 135526936 1221100256
10 135563168 1356663424
11 135595416 1492258840
12 135599080 1627857920
13 135547896 1763405816
14 135748296 1899154112
15 135485800 2034639912
16 136960432 2171600344
17 135576552 2307176896
18 135574632 2442751528
19 135577008 2578328536
20 135616848 2713945384
21 135608024 2849553408
22 135621216 2985174624
23 135578448 3120753072
24 135572016 3256325088
25 135488472 3391813560
26 135489608 3527303168
27 135536304 3662839472
28 135534048 3798373520
29 135543528 3933917048
30 135658776 4069575824
31 135556000 4205131824
32 135607208 4340739032
33 135508128 4476247160
34 135542248 4611789408
35 135591280 4747380688
36 135549536 4882930224
37 135525696 5018455920
38 135598448 5154054368
39 135651072 5289705440
40 135655600 5425361040
41 135540256 5560901296
42 135656752 5696558048
43 135590480 5832148528
44 135505144 5967653672
45 135559992 6103213664
46 135549160 6238762824
47 135504352 6374267176
48 135642344 6509909520
49 135631488 6645541008
50 135621896 6781162904
51 135544856 6916707760
52 135585824 7052293584
53 135664728 7187958312
54 135516120 7323474432
55 135560888 7459035320
56 135577360 7594612680
57 135555912 7730168592
58 135582360 7865750952
59 135550864 8001301816
60 135566768 8136868584
61 135584968 8272453552
62 135528968 8407982520
63 135603480 8543586000
64 135672392 8679258392
65 135577736 8814836128
66 135497408 8950333536
67 135515120 9085848656
68 135537976 9221386632
69 135564872 9356951504
70 135606728 9492558232
71 135499248 9628057480
72 135577784 9763635264
73 135640272 9899275536
74 135606672 10034882208
75 135524672 10170406880
76 135552160 10305959040
77 135580224 10441539264
78 135541256 10577080520
79 135520712 10712601232
80 135570448 10848171680
81 135653744 10983825424
82 135618520 11119443944
83 135509144 11254953088
84 135549768 11390502856
85 136932480 11527435336
86 135554984 11662990320
87 135562544 11798552864
88 135619448 11934172312
89 135590232 12069762544
90 135559456 12205322000
91 135536600 12340858600
92 135559808 12476418408
93 135477288 12611895696
94 135649896 12747545592
95 135458536 12883004128
96 136519144 13019523272
97 135586440 13155109712
98 135643400 13290753112
99 135584512 13426337624
1 136933096 136933096
2 135808912 272742008
3 135554192 408296200
4 135592872 543889072
5 135624576 679513648
6 135574368 815088016
7 135645240 950733256
8 135545744 1086279000
9 135599296 1221878296
10 135607848 1357486144
11 135627824 1493113968
12 135709328 1628823296
13 135625912 1764449208
14 135607608 1900056816
15 135615888 2035672704
16 135610512 2171283216
17 135579728 2306862944
18 135584128 2442447072
19 135521296 2577968368
20 135612048 2713580416
21 135534824 2849115240
22 135658520 2984773760
23 135500696 3120274456
24 135533672 3255808128
25 135539824 3391347952
26 135643432 3526991384
27 135581504 3662572888
28 135681440 3798254328
29 135547016 3933801344
30 135549856 4069351200
31 135514264 4204865464
32 135574440 4340439904
33 135631016 4476070920
34 135528448 4611599368
35 135632560 4747231928
36 135588792 4882820720
37 135600800 5018421520
38 135606632 5154028152
39 135569360 5289597512
40 135581168 5425178680
41 135572624 5560751304
42 135578688 5696329992
43 136007056 5832337048
44 136693256 5969030304
45 135574752 6104605056
46 135520280 6240125336
47 135524192 6375649528
48 136042024 6511691552
49 135784936 6647476488
50 135574424 6783050912
51 135589048 6918639960
52 135579960 7054219920
53 135607912 7189827832
54 135484920 7325312752
55 135610784 7460923536
56 135572424 7596495960
57 135531040 7732027000
58 135535024 7867562024
59 135549680 8003111704
60 135619360 8138731064
61 135508168 8274239232
62 135623656 8409862888
63 135574376 8545437264
64 135581696 8681018960
65 135491656 8816510616
66 135616416 8952127032
67 135561552 9087688584
68 135567776 9223256360
69 135512104 9358768464
70 135563296 9494331760
71 135636208 9629967968
72 136061520 9766029488
73 135576608 9901606096
74 135580048 10037186144
75 135575160 10172761304
76 135521560 10308282864
77 135484624 10443767488
78 135597032 10579364520
79 135517576 10714882096
80 135586728 10850468824
81 135576104 10986044928
82 135529040 11121573968
83 135623776 11257197744
84 135560112 11392757856
85 135586296 11528344152
86 135503592 11663847744
87 135504712 11799352456
88 135482216 11934834672
89 135571408 12070406080
90 135448912 12205854992
91 135490384 12341345376
92 135461912 12476807288
93 135525432 12612332720
94 135517864 12747850584
95 135504216 12883354800
96 135684944 13019039744
97 135750464 13154790208
98 136513680 13291303888
99 135599056 13426902944
