1 137726944 137726944
2 136750704 274477648
3 136033872 410511520
4 136037664 546549184
5 136036296 682585480
6 136092120 818677600
7 136039240 954716840
8 135996192 1090713032
9 136128264 1226841296
10 136207608 1363048904
11 136006032 1499054936
12 136013208 1635068144
13 135975120 1771043264
14 136071040 1907114304
15 136084592 2043198896
16 136214544 2179413440
17 136405096 2315818536
18 136318736 2452137272
19 136279432 2588416704
20 136115032 2724531736
21 136002120 2860533856
22 136054072 2996587928
23 136008992 3132596920
24 136011232 3268608152
25 136025576 3404633728
26 136006096 3540639824
27 136231888 3676871712
28 135995280 3812866992
29 136019040 3948886032
30 135963968 4084850000
31 136050648 4220900648
32 136031576 4356932224
33 136036784 4492969008
34 136001704 4628970712
35 136133144 4765103856
36 136000872 4901104728
37 136099224 5037203952
38 135994160 5173198112
39 136065584 5309263696
40 136005088 5445268784
41 138468392 5583737176
42 135988344 5719725520
43 136117480 5855843000
44 136026288 5991869288
45 135990208 6127859496
46 136035136 6263894632
47 136053984 6399948616
48 136011264 6535959880
49 136031128 6671991008
50 136081632 6808072640
51 136002360 6944075000
52 136028280 7080103280
53 136035944 7216139224
54 135970344 7352109568
55 136029032 7488138600
56 136021976 7624160576
57 136030344 7760190920
58 136014384 7896205304
59 135973376 8032178680
60 136100008 8168278688
61 136043944 8304322632
62 136049344 8440371976
63 136017368 8576389344
64 136024376 8712413720
65 136066456 8848480176
66 140362904 8988843080
67 135078112 9123921192
68 135799480 9259720672
69 135074176 9394794848
70 135116232 9529911080
71 135514016 9665425096
72 135089080 9800514176
73 135049144 9935563320
74 135222768 10070786088
75 135044360 10205830448
76 135075816 10340906264
77 135035344 10475941608
78 135033672 10610975280
79 135027352 10746002632
80 135409048 10881411680
81 135273728 11016685408
82 135395184 11152080592
83 135235864 11287316456
84 135535864 11422852320
85 135501328 11558353648
86 135283776 11693637424
87 135436584 11829074008
88 135178544 11964252552
89 135147472 12099400024
90 135147240 12234547264
91 135065944 12369613208
92 135130640 12504743848
93 135291712 12640035560
94 135155744 12775191304
95 135014240 12910205544
96 135190568 13045396112
97 135063256 13180459368
98 135047872 13315507240
99 135099200 13450606440
1 136701000 136701000
2 134849472 271550472
3 134825232 406375704
4 134801536 541177240
5 134746272 675923512
6 134800040 810723552
7 134770144 945493696
8 134813744 1080307440
9 134803960 1215111400
10 134851728 1349963128
11 134812912 1484776040
12 134789848 1619565888
13 134761784 1754327672
14 134745208 1889072880
15 134827360 2023900240
16 135206640 2159106880
17 134883080 2293989960
18 135008728 2428998688
19 135228256 2564226944
20 134773280 2699000224
21 134744536 2833744760
22 134774984 2968519744
23 134759232 3103278976
24 134765760 3238044736
25 134773720 3372818456
26 134769536 3507587992
27 134775864 3642363856
28 134755344 3777119200
29 134794800 3911914000
30 134751800 4046665800
31 134743704 4181409504
32 134756888 4316166392
33 134756232 4450922624
34 134736488 4585659112
35 134733560 4720392672
36 134758688 4855151360
37 134758576 4989909936
38 134781520 5124691456
39 134780744 5259472200
40 134730120 5394202320
41 134767128 5528969448
42 134782448 5663751896
43 134801928 5798553824
44 134779976 5933333800
45 134767528 6068101328
46 134755032 6202856360
47 134769576 6337625936
48 134812496 6472438432
49 134843512 6607281944
50 134757552 6742039496
51 134798528 6876838024
52 134765048 7011603072
53 134754656 7146357728
54 134767528 7281125256
55 134776488 7415901744
56 134768968 7550670712
57 134818544 7685489256
58 134782912 7820272168
59 134750480 7955022648
60 134771216 8089793864
61 134825096 8224618960
62 134745536 8359364496
63 134729592 8494094088
64 134768392 8628862480
65 134779112 8763641592
66 134785512 8898427104
67 134761712 9033188816
68 134770184 9167959000
69 134771016 9302730016
70 134749984 9437480000
71 134825416 9572305416
72 134790744 9707096160
73 134808288 9841904448
74 134768696 9976673144
75 134788160 10111461304
76 134786304 10246247608
77 134887384 10381134992
78 134795552 10515930544
79 134809072 10650739616
80 134786264 10785525880
81 134965864 10920491744
82 137497896 11057989640
83 136933632 11194923272
84 135957456 11330880728
85 135758136 11466638864
86 135915720 11602554584
87 135723248 11738277832
88 135682256 11873960088
89 135748856 12009708944
90 135751728 12145460672
91 135759384 12281220056
92 135749720 12416969776
93 135751512 12552721288
94 135710008 12688431296
95 135718792 12824150088
96 135741432 12959891520
97 135770584 13095662104
98 135790224 13231452328
99 135781624 13367233952
1 136800504 136800504
2 135745120 272545624
3 135678992 408224616
4 135793736 544018352
5 140481352 684499704
6 135856040 820355744
7 135785696 956141440
8 135758664 1091900104
9 135695032 1227595136
10 135754432 1363349568
11 135715296 1499064864
12 135763424 1634828288
13 137565832 1772394120
14 135821424 1908215544
15 135742136 2043957680
16 135946128 2179903808
17 135730328 2315634136
18 135778736 2451412872
19 135779176 2587192048
20 135859760 2723051808
21 135772968 2858824776
22 135732104 2994556880
23 135741936 3130298816
24 135784272 3266083088
25 135756656 3401839744
26 135826024 3537665768
27 136729576 3674395344
28 135763560 3810158904
29 135750552 3945909456
30 135779264 4081688720
31 135771832 4217460552
32 135749968 4353210520
33 135719440 4488929960
34 135816096 4624746056
35 135716352 4760462408
36 135763296 4896225704
37 135725824 5031951528
38 135718872 5167670400
39 135741024 5303411424
40 135789088 5439200512
41 135769464 5574969976
42 135727600 5710697576
43 135786072 5846483648
44 135729416 5982213064
45 135799968 6118013032
46 135726056 6253739088
47 135749152 6389488240
48 135761384 6525249624
49 135786752 6661036376
50 137055944 6798092320
51 135751536 6933843856
52 135728336 7069572192
53 135789888 7205362080
54 135721504 7341083584
55 135752168 7476835752
56 135752056 7612587808
57 135783136 7748370944
58 135762264 7884133208
59 135766568 8019899776
60 135702552 8155602328
61 135749664 8291351992
62 135806696 8427158688
63 135760712 8562919400
64 135731400 8698650800
65 135754584 8834405384
66 135717032 8970122416
67 135783088 9105905504
68 135678288 9241583792
69 136788784 9378372576
70 135731736 9514104312
71 135731936 9649836248
72 135726544 9785562792
73 135700224 9921263016
74 135735592 10056998608
75 135727040 10192725648
76 135720384 10328446032
77 135720392 10464166424
78 135744832 10599911256
79 135738520 10735649776
80 135770128 10871419904
81 135779232 11007199136
82 135812168 11143011304
83 135741696 11278753000
84 135763872 11414516872
85 135663456 11550180328
86 135678824 11685859152
87 135667216 11821526368
88 135655312 11957181680
89 135690192 12092871872
90 135744760 12228616632
91 135660176 12364276808
92 135666944 12499943752
93 135668224 12635611976
94 135710536 12771322512
95 135698856 12907021368
96 135671656 13042693024
97 135686688 13178379712
98 135674264 13314053976
99 135671440 13449725416
1 136615024 136615024
2 135722344 272337368
3 135721256 408058624
4 135720080 543778704
5 135713792 679492496
6 135664176 815156672
7 135723392 950880064
8 135684720 1086564784
9 135820992 1222385776
10 135660904 1358046680
11 135656960 1493703640
12 135732376 1629436016
13 135730008 1765166024
14 135708248 1900874272
15 135737080 2036611352
16 135859992 2172471344
17 136878664 2309350008
18 135812160 2445162168
19 135821408 2580983576
20 137071288 2718054864
21 135770816 2853825680
22 135858296 2989683976
23 135742000 3125425976
24 135800072 3261226048
25 135791416 3397017464
26 135810920 3532828384
27 135760616 3668589000
28 135829608 3804418608
29 135863424 3940282032
30 135763288 4076045320
31 135754200 4211799520
32 135772912 4347572432
33 135779584 4483352016
34 135816256 4619168272
35 135761648 4754929920
36 135830792 4890760712
37 135776024 5026536736
38 135763896 5162300632
39 135767584 5298068216
40 135794464 5433862680
41 135776800 5569639480
42 140461368 5710100848
43 135732872 5845833720
44 135722064 5981555784
45 135746088 6117301872
46 135815440 6253117312
47 135828912 6388946224
48 135805240 6524751464
49 135775128 6660526592
50 135867616 6796394208
51 135755888 6932150096
52 135777528 7067927624
53 135804600 7203732224
54 135772760 7339504984
55 135800344 7475305328
56 135796120 7611101448
57 135775552 7746877000
58 135761200 7882638200
59 135751224 8018389424
60 135805816 8154195240
61 135740528 8289935768
62 135764928 8425700696
63 135827592 8561528288
64 135738704 8697266992
65 135774080 8833041072
66 135785416 8968826488
67 135743152 9104569640
68 135722640 9240292280
69 135775216 9376067496
70 135726392 9511793888
71 135738664 9647532552
72 135783328 9783315880
73 135745104 9919060984
74 135776696 10054837680
75 135828704 10190666384
76 135752144 10326418528
77 135791424 10462209952
78 135744336 10597954288
79 135804608 10733758896
80 135717816 10869476712
81 135800872 11005277584
82 135723912 11141001496
83 135822808 11276824304
84 135776384 11412600688
85 135668640 11548269328
86 136030768 11684300096
87 137332568 11821632664
88 135700056 11957332720
89 135706512 12093039232
90 135676304 12228715536
91 135833392 12364548928
92 135728832 12500277760
93 135698552 12635976312
94 135696936 12771673248
95 135656536 12907329784
96 135664976 13042994760
97 135661968 13178656728
98 135637416 13314294144
99 135669160 13449963304
1 136819024 136819024
2 135667160 272486184
3 135701688 408187872
4 135755824 543943696
5 135759216 679702912
6 135740584 815443496
7 135748880 951192376
8 135700064 1086892440
9 135722344 1222614784
10 135686104 1358300888
11 135672728 1493973616
12 135748128 1629721744
13 135698392 1765420136
14 135718896 1901139032
15 135697176 2036836208
16 135958528 2172794736
17 135785440 2308580176
18 135739904 2444320080
19 135796800 2580116880
20 135704872 2715821752
21 135819968 2851641720
22 135757104 2987398824
23 135769376 3123168200
24 135732480 3258900680
25 135796392 3394697072
26 135757312 3530454384
27 135769080 3666223464
28 135780488 3802003952
29 136166968 3938170920
30 136769160 4074940080
31 135799320 4210739400
32 135868080 4346607480
33 135806392 4482413872
34 135740680 4618154552
35 135742736 4753897288
36 135783760 4889681048
37 135800912 5025481960
38 135706368 5161188328
39 135740056 5296928384
40 135732792 5432661176
41 135826368 5568487544
42 135768624 5704256168
43 135708408 5839964576
44 135750552 5975715128
45 135770808 6111485936
46 135836504 6247322440
47 135726896 6383049336
48 135822744 6518872080
49 135757104 6654629184
50 135746280 6790375464
51 135790504 6926165968
52 135792712 7061958680
53 135746504 7197705184
54 135759856 7333465040
55 135785288 7469250328
56 135768608 7605018936
57 135737632 7740756568
58 135833880 7876590448
59 135745392 8012335840
60 135896848 8148232688
61 135725000 8283957688
62 135830336 8419788024
63 135726336 8555514360
64 135783200 8691297560
65 135771816 8827069376
66 135751856 8962821232
67 135788648 9098609880
68 135797840 9234407720
69 135833144 9370240864
70 135758944 9505999808
71 135728080 9641727888
72 135799216 9777527104
73 135723000 9913250104
74 135789008 10049039112
75 135699600 10184738712
76 135773120 10320511832
77 135769152 10456280984
78 135769576 10592050560
79 135747032 10727797592
80 139597352 10867394944
81 134884240 11002279184
82 134876584 11137155768
83 134880368 11272036136
84 134824784 11406860920
85 134769776 11541630696
86 134776120 11676406816
87 134843344 11811250160
88 134952608 11946202768
89 134991328 12081194096
90 134784856 12215978952
91 134797824 12350776776
92 134811000 12485587776
93 134769352 12620357128
94 134804672 12755161800
95 134745424 12889907224
96 134805304 13024712528
97 134792952 13159505480
98 134801960 13294307440
99 134811024 13429118464
1 136589992 136589992
2 134871256 271461248
3 134846688 406307936
4 134746024 541053960
5 134757240 675811200
6 134767832 810579032
7 134744992 945324024
8 134821512 1080145536
9 134787608 1214933144
10 134737848 1349670992
11 134776128 1484447120
12 134756824 1619203944
13 134759512 1753963456
14 134748360 1888711816
15 134801224 2023513040
16 135022432 2158535472
17 134802232 2293337704
18 134812928 2428150632
19 134721872 2562872504
20 134756720 2697629224
21 134765648 2832394872
22 134758424 2967153296
23 134784856 3101938152
24 134772288 3236710440
25 134777840 3371488280
26 134784088 3506272368
27 134762560 3641034928
28 134778928 3775813856
29 134809072 3910622928
30 134766880 4045389808
31 134734992 4180124800
32 134794736 4314919536
33 134768656 4449688192
34 134771720 4584459912
35 134755824 4719215736
36 134787352 4854003088
37 134764088 4988767176
38 134842944 5123610120
39 134755352 5258365472
40 134742608 5393108080
41 134775536 5527883616
42 134728808 5662612424
43 134797256 5797409680
44 134768320 5932178000
45 134778264 6066956264
46 134747480 6201703744
47 134775216 6336478960
48 134729912 6471208872
49 134739512 6605948384
50 134778568 6740726952
51 134758944 6875485896
52 134754944 7010240840
53 134759648 7145000488
54 134792208 7279792696
55 134758904 7414551600
56 134843704 7549395304
57 134800088 7684195392
58 134756328 7818951720
59 134802328 7953754048
60 134759744 8088513792
61 134761352 8223275144
62 134765112 8358040256
63 134765192 8492805448
64 134760992 8627566440
65 134765872 8762332312
66 134761712 8897094024
67 134955336 9032049360
68 134742400 9166791760
69 134804640 9301596400
70 134710472 9436306872
71 134805160 9571112032
72 134755552 9705867584
73 134758840 9840626424
74 134759064 9975385488
75 134726752 10110112240
76 134731632 10244843872
77 134802160 10379646032
78 134785120 10514431152
79 134798168 10649229320
80 134745592 10783974912
81 134761784 10918736696
82 134763256 11053499952
83 134733632 11188233584
84 134760528 11322994112
85 134761760 11457755872
86 134748640 11592504512
87 134781176 11727285688
88 134747104 11862032792
89 134748064 11996780856
90 134941304 12131722160
91 134778280 12266500440
92 134825936 12401326376
93 134729008 12536055384
94 134762568 12670817952
95 134770976 12805588928
96 134735680 12940324608
97 134759208 13075083816
98 134764848 13209848664
99 134724008 13344572672
1 136614976 136614976
2 137069904 273684880
3 136026136 409711016
4 135782776 545493792
5 135802128 681295920
6 135746520 817042440
7 135802760 952845200
8 135837200 1088682400
9 135726168 1224408568
10 135784648 1360193216
11 135797680 1495990896
12 135779200 1631770096
13 135803808 1767573904
14 136800600 1904374504
15 135792752 2040167256
16 135924656 2176091912
17 135776784 2311868696
18 135786800 2447655496
19 135763520 2583419016
20 140463768 2723882784
21 135720088 2859602872
22 135761944 2995364816
23 135747080 3131111896
24 135732664 3266844560
25 135745848 3402590408
26 135741264 3538331672
27 135817128 3674148800
28 135774336 3809923136
29 135733808 3945656944
30 135763528 4081420472
31 135837488 4217257960
32 135718920 4352976880
33 135762048 4488738928
34 135746408 4624485336
35 135772104 4760257440
36 135725392 4895982832
37 135777344 5031760176
38 135791336 5167551512
39 135701472 5303252984
40 135824400 5439077384
41 135759512 5574836896
42 135725512 5710562408
43 135922168 5846484576
44 135739680 5982224256
45 135744360 6117968616
46 135803512 6253772128
47 135755448 6389527576
48 135773552 6525301128
49 135748552 6661049680
50 135748944 6796798624
51 135769264 6932567888
52 135790192 7068358080
53 135712576 7204070656
54 135790192 7339860848
55 135759184 7475620032
56 135811176 7611431208
57 135759984 7747191192
58 135799152 7882990344
59 135745224 8018735568
60 135759584 8154495152
61 135771016 8290266168
62 135762040 8426028208
63 139741808 8565770016
64 135682928 8701452944
65 135193672 8836646616
66 135159968 8971806584
67 138645848 9110452432
68 137800568 9248253000
69 135991424 9384244424
70 135791936 9520036360
71 137007248 9657043608
72 135914432 9792958040
73 135763592 9928721632
74 135776136 10064497768
75 135711576 10200209344
76 135740208 10335949552
77 135742752 10471692304
78 135760920 10607453224
79 135772432 10743225656
80 135764248 10878989904
81 135798112 11014788016
82 135772408 11150560424
83 135737400 11286297824
84 135728616 11422026440
85 135651744 11557678184
86 135725760 11693403944
87 135745296 11829149240
88 135708544 11964857784
89 135671008 12100528792
90 135696520 12236225312
91 135684760 12371910072
92 135704848 12507614920
93 135668744 12643283664
94 135730648 12779014312
95 135788280 12914802592
96 135678080 13050480672
97 135657152 13186137824
98 135682248 13321820072
99 135714520 13457534592
1 136587800 136587800
2 135646664 272234464
3 135631056 407865520
4 135687496 543553016
5 135677160 679230176
6 135685928 814916104
7 135678112 950594216
8 135672320 1086266536
9 135689152 1221955688
10 135768112 1357723800
11 135641624 1493365424
12 135689216 1629054640
13 135765856 1764820496
14 135732448 1900552944
15 135673768 2036226712
16 135932288 2172159000
17 135755080 2307914080
18 135753752 2443667832
19 135809016 2579476848
20 135748168 2715225016
21 135776992 2851002008
22 135759128 2986761136
23 135780768 3122541904
24 135782720 3258324624
25 135770016 3394094640
26 135756320 3529850960
27 135722424 3665573384
28 135721392 3801294776
29 135780952 3937075728
30 135720432 4072796160
31 135733656 4208529816
32 135714128 4344243944
33 135717320 4479961264
34 135740144 4615701408
35 135745848 4751447256
36 135727752 4887175008
37 135740624 5022915632
38 135713848 5158629480
39 135778208 5294407688
40 135740008 5430147696
41 137036672 5567184368
42 135726808 5702911176
43 135791304 5838702480
44 135801712 5974504192
45 135812152 6110316344
46 135695304 6246011648
47 135757768 6381769416
48 135742896 6517512312
49 135748240 6653260552
50 135698896 6788959448
51 135833024 6924792472
52 135767320 7060559792
53 135679208 7196239000
54 135718536 7331957536
55 135716928 7467674464
56 135799352 7603473816
57 135745432 7739219248
58 138380104 7877599352
59 134783912 8012383264
60 134819200 8147202464
61 134759544 8281962008
62 134776736 8416738744
63 134762632 8551501376
64 134801024 8686302400
65 134726520 8821028920
66 134755224 8955784144
67 134752072 9090536216
68 134792144 9225328360
69 134754832 9360083192
70 134711888 9494795080
71 134785536 9629580616
72 134744792 9764325408
73 134791456 9899116864
74 134769928 10033886792
75 134769624 10168656416
76 134837696 10303494112
77 134762232 10438256344
78 134816376 10573072720
79 134763584 10707836304
80 134883560 10842719864
81 134778840 10977498704
82 134789944 11112288648
83 134732936 11247021584
84 134769712 11381791296
85 134787224 11516578520
86 134758056 11651336576
87 134744376 11786080952
88 134774080 11920855032
89 134780464 12055635496
90 134765000 12190400496
91 134727016 12325127512
92 134791608 12459919120
93 134755656 12594674776
94 135022912 12729697688
95 134756080 12864453768
96 134769960 12999223728
97 134733488 13133957216
98 134737936 13268695152
99 134814024 13403509176
1 136601688 136601688
2 134745592 271347280
3 134790368 406137648
4 134784856 540922504
5 134760872 675683376
6 134745744 810429120
7 134808904 945238024
8 134793200 1080031224
9 134961592 1214992816
10 134760824 1349753640
11 137063928 1486817568
12 135718408 1622535976
13 135676000 1758211976
14 135677440 1893889416
15 135730352 2029619768
16 136057496 2165677264
17 135813048 2301490312
18 135772672 2437262984
19 135752336 2573015320
20 135757552 2708772872
21 135830904 2844603776
22 135777040 2980380816
23 135745808 3116126624
24 135813880 3251940504
25 135745912 3387686416
26 135769304 3523455720
27 135731808 3659187528
28 135813528 3795001056
29 135846320 3930847376
30 135754016 4066601392
31 135742664 4202344056
32 135777856 4338121912
33 135774376 4473896288
34 135785320 4609681608
35 135762072 4745443680
36 135874280 4881317960
37 135760120 5017078080
38 135735544 5152813624
39 135750352 5288563976
40 135737472 5424301448
41 135770664 5560072112
42 135720568 5695792680
43 135767472 5831560152
44 135700576 5967260728
45 135721920 6102982648
46 135723560 6238706208
47 135724864 6374431072
48 135742888 6510173960
49 135778688 6645952648
50 135788800 6781741448
51 135790656 6917532104
52 135722696 7053254800
53 135760328 7189015128
54 135777752 7324792880
55 135738168 7460531048
56 136111512 7596642560
57 136587616 7733230176
58 136657080 7869887256
59 136461752 8006349008
60 135732736 8142081744
61 136186320 8278268064
62 136290904 8414558968
63 136185112 8550744080
64 136166568 8686910648
65 136170136 8823080784
66 136325928 8959406712
67 136409320 9095816032
68 136366880 9232182912
69 136032752 9368215664
70 136045936 9504261600
71 136149736 9640411336
72 136085072 9776496408
73 136064016 9912560424
74 136037776 10048598200
75 136374528 10184972728
76 136281416 10321254144
77 135905352 10457159496
78 136242384 10593401880
79 136007928 10729409808
80 137136376 10866546184
81 136049696 11002595880
82 136741408 11139337288
83 135949056 11275286344
84 135987040 11411273384
85 136290448 11547563832
86 136584968 11684148800
87 136454024 11820602824
88 136479816 11957082640
89 136442032 12093524672
90 136221160 12229745832
91 136111568 12365857400
92 136089128 12501946528
93 135852864 12637799392
94 136205424 12774004816
95 136151664 12910156480
96 140558224 13050714704
97 136504776 13187219480
98 135957120 13323176600
99 136038128 13459214728
1 136994472 136994472
2 135909824 272904296
3 135911624 408815920
4 135780720 544596640
5 135761320 680357960
6 135779376 816137336
7 135741472 951878808
8 135801408 1087680216
9 135762024 1223442240
10 135762656 1359204896
11 135737864 1494942760
12 136036336 1630979096
13 136146800 1767125896
14 136367320 1903493216
15 136149016 2039642232
16 136327032 2175969264
17 136753688 2312722952
18 136169168 2448892120
19 135901240 2584793360
20 136186312 2720979672
21 136078616 2857058288
22 136001664 2993059952
23 135934168 3128994120
24 136011880 3265006000
25 136429568 3401435568
26 136396680 3537832248
27 136651696 3674483944
28 137686272 3812170216
29 136538864 3948709080
30 135958104 4084667184
31 135786368 4220453552
32 135829792 4356283344
33 135783560 4492066904
34 136094000 4628160904
35 136149120 4764310024
36 136078512 4900388536
37 135729600 5036118136
38 135780960 5171899096
39 137477448 5309376544
40 135915976 5445292520
41 135901248 5581193768
42 135800232 5716994000
43 135889176 5852883176
44 135918464 5988801640
45 136090712 6124892352
46 136008664 6260901016
47 135907488 6396808504
48 136122912 6532931416
49 136421728 6669353144
50 135512160 6804865304
51 134792168 6939657472
52 134774448 7074431920
53 134769064 7209200984
54 134823448 7344024432
55 134818576 7478843008
56 134965000 7613808008
57 134859864 7748667872
58 134864680 7883532552
59 134808056 8018340608
60 134822992 8153163600
61 134873512 8288037112
62 134826248 8422863360
63 134780784 8557644144
64 134814840 8692458984
65 134845936 8827304920
66 134851848 8962156768
67 134884792 9097041560
68 135109232 9232150792
69 134818344 9366969136
70 134876864 9501846000
71 135276872 9637122872
72 134876496 9771999368
73 135194776 9907194144
74 135299120 10042493264
75 135206784 10177700048
76 135096008 10312796056
77 135122544 10447918600
78 134867160 10582785760
79 134841552 10717627312
80 134747224 10852374536
81 134793920 10987168456
82 134767920 11121936376
83 134900472 11256836848
84 134785120 11391621968
85 134913280 11526535248
86 134952784 11661488032
87 135318008 11796806040
88 134833104 11931639144
89 134878872 12066518016
90 134905872 12201423888
91 135218496 12336642384
92 134857008 12471499392
93 134857944 12606357336
94 134810248 12741167584
95 134832080 12875999664
96 135217520 13011217184
97 134872216 13146089400
98 134910432 13280999832
99 135383536 13416383368
1 136728136 136728136
2 134808192 271536328
3 134818984 406355312
4 134798288 541153600
5 134765728 675919328
6 134830088 810749416
7 134744384 945493800
8 134769296 1080263096
9 134783864 1215046960
10 134763704 1349810664
11 134844160 1484654824
12 134782072 1619436896
13 134866104 1754303000
14 134725656 1889028656
15 134802088 2023830744
16 135214560 2159045304
17 134814960 2293860264
18 134824752 2428685016
19 136964768 2565649784
20 135744888 2701394672
21 135861088 2837255760
22 135776784 2973032544
23 135779688 3108812232
24 135711056 3244523288
25 135750248 3380273536
26 135719144 3515992680
27 135751096 3651743776
28 135734376 3787478152
29 135785568 3923263720
30 135789000 4059052720
31 135702768 4194755488
32 135723288 4330478776
33 135760072 4466238848
34 140457160 4606696008
35 135727520 4742423528
36 135701104 4878124632
37 135743424 5013868056
38 135858568 5149726624
39 135772512 5285499136
40 135735360 5421234496
41 135752392 5556986888
42 135757768 5692744656
43 135741048 5828485704
44 135778944 5964264648
45 135760448 6100025096
46 135830048 6235855144
47 135735936 6371591080
48 135777992 6507369072
49 135730296 6643099368
50 135697552 6778796920
51 135772784 6914569704
52 135758248 7050327952
53 135727992 7186055944
54 135862576 7321918520
55 135714000 7457632520
56 135764568 7593397088
57 135722272 7729119360
58 135730536 7864849896
59 135728576 8000578472
60 135714936 8136293408
61 136301464 8272594872
62 135804552 8408399424
63 135697632 8544097056
64 135765344 8679862400
65 135842144 8815704544
66 135765272 8951469816
67 135707624 9087177440
68 135750536 9222927976
69 135788496 9358716472
70 135782400 9494498872
71 135784336 9630283208
72 135748328 9766031536
73 135693544 9901725080
74 135729040 10037454120
75 135719936 10173174056
76 135725320 10308899376
77 135793096 10444692472
78 135682792 10580375264
79 135882448 10716257712
80 135732592 10851990304
81 135750728 10987741032
82 135788304 11123529336
83 136514592 11260043928
84 135733928 11395777856
85 136513184 11532291040
86 135766816 11668057856
87 137249288 11805307144
88 137048744 11942355888
89 136146208 12078502096
90 135788936 12214291032
91 136936848 12351227880
92 137177648 12488405528
93 136380424 12624785952
94 135686680 12760472632
95 135070824 12895543456
96 134788568 13030332024
97 134780280 13165112304
98 134825296 13299937600
99 134771368 13434708968
1 136599448 136599448
2 134798040 271397488
3 134747152 406144640
4 134776752 540921392
5 134760992 675682384
6 134844976 810527360
7 134772384 945299744
8 134866608 1080166352
9 134820152 1214986504
10 134910160 1349896664
11 134798680 1484695344
12 134964352 1619659696
13 134780344 1754440040
14 134744440 1889184480
15 134762344 2023946824
16 135061712 2159008536
17 134931656 2293940192
18 135178816 2429119008
19 134751408 2563870416
20 134752800 2698623216
21 134783208 2833406424
22 134745568 2968151992
23 134817400 3102969392
24 134771328 3237740720
25 134762896 3372503616
26 134773288 3507276904
27 134731328 3642008232
28 134772576 3776780808
29 134793936 3911574744
30 134746624 4046321368
31 134743912 4181065280
32 134751720 4315817000
33 134736728 4450553728
34 134787848 4585341576
35 134764128 4720105704
36 134752568 4854858272
37 134817576 4989675848
38 134755744 5124431592
39 134762008 5259193600
40 134897248 5394090848
41 134742248 5528833096
42 134771576 5663604672
43 134761320 5798365992
44 134764776 5933130768
45 134770568 6067901336
46 134774840 6202676176
47 134765024 6337441200
48 134779552 6472220752
49 134766288 6606987040
50 134759688 6741746728
51 134783712 6876530440
52 134756616 7011287056
53 134736152 7146023208
54 134754456 7280777664
55 134760192 7415537856
56 134773352 7550311208
57 134789920 7685101128
58 136961624 7822062752
59 135729800 7957792552
60 135799640 8093592192
61 135781792 8229373984
62 135721408 8365095392
63 135757688 8500853080
64 135689752 8636542832
65 135794248 8772337080
66 135719384 8908056464
67 135754816 9043811280
68 135894752 9179706032
69 135717768 9315423800
70 135805032 9451228832
71 135811576 9587040408
72 140419840 9727460248
73 135893272 9863353520
74 135743000 9999096520
75 135989136 10135085656
76 135947448 10271033104
77 135951216 10406984320
78 135977104 10542961424
79 136166864 10679128288
80 135825344 10814953632
81 135748136 10950701768
82 135752480 11086454248
83 135694056 11222148304
84 135815872 11357964176
85 135702464 11493666640
86 135778696 11629445336
87 135741152 11765186488
88 135732216 11900918704
89 135787664 12036706368
90 135742064 12172448432
91 135728912 12308177344
92 135755080 12443932424
93 135692744 12579625168
94 135698640 12715323808
95 135937336 12851261144
96 135713592 12986974736
97 135742672 13122717408
98 135685880 13258403288
99 135757200 13394160488
1 136722104 136722104
2 135788640 272510744
3 135736104 408246848
4 135758856 544005704
5 135768320 679774024
6 135753952 815527976
7 135764944 951292920
8 135760032 1087052952
9 135769592 1222822544
10 135807632 1358630176
11 135732464 1494362640
12 136801984 1631164624
13 135737704 1766902328
14 135769632 1902671960
15 135705736 2038377696
16 136347432 2174725128
17 136728904 2311454032
18 135730720 2447184752
19 135737888 2582922640
20 135803216 2718725856
21 135752144 2854478000
22 135761384 2990239384
23 135754744 3125994128
24 135804904 3261799032
25 135711480 3397510512
26 135718368 3533228880
27 135699680 3668928560
28 135756064 3804684624
29 135721616 3940406240
30 135853616 4076259856
31 135782056 4212041912
32 135750584 4347792496
33 135692880 4483485376
34 135776360 4619261736
35 135747568 4755009304
36 135701032 4890710336
37 135739672 5026450008
38 135707032 5162157040
39 135708616 5297865656
40 135745832 5433611488
41 135770912 5569382400
42 135736136 5705118536
43 135758664 5840877200
44 135726840 5976604040
45 135791152 6112395192
46 135791112 6248186304
47 135787624 6383973928
48 135737784 6519711712
49 135736864 6655448576
50 135765184 6791213760
51 135739144 6926952904
52 135855904 7062808808
53 135802720 7198611528
54 135736968 7334348496
55 135722120 7470070616
56 135781256 7605851872
57 135720736 7741572608
58 135927800 7877500408
59 136706176 8014206584
60 135750152 8149956736
61 135791344 8285748080
62 135701272 8421449352
63 135740080 8557189432
64 135712400 8692901832
65 135794328 8828696160
66 135720088 8964416248
67 135746832 9100163080
68 135699456 9235862536
69 135781904 9371644440
70 135736016 9507380456
71 135742200 9643122656
72 135737368 9778860024
73 135724376 9914584400
74 135702872 10050287272
75 135745920 10186033192
76 135692408 10321725600
77 135718560 10457444160
78 135706440 10593150600
79 135725384 10728875984
80 135816968 10864692952
81 135727672 11000420624
82 135754248 11136174872
83 135724512 11271899384
84 135752464 11407651848
85 135690376 11543342224
86 135666432 11679008656
87 135690008 11814698664
88 135652128 11950350792
89 135648072 12085998864
90 135689736 12221688600
91 135622552 12357311152
92 135656024 12492967176
93 135660976 12628628152
94 135665048 12764293200
95 135634064 12899927264
96 135647120 13035574384
97 135653336 13171227720
98 135654040 13306881760
99 135641640 13442523400
1 136587704 136587704
2 135683512 272271216
3 135719576 407990792
4 135691872 543682664
5 135726520 679409184
6 135696272 815105456
7 135668168 950773624
8 135672544 1086446168
9 135789240 1222235408
10 135654256 1357889664
11 140476224 1498365888
12 135817352 1634183240
13 135887752 1770070992
14 136697536 1906768528
15 135775160 2042543688
16 135871976 2178415664
17 135791560 2314207224
18 136283352 2450490576
19 136747912 2587238488
20 135783856 2723022344
21 135791688 2858814032
22 135774184 2994588216
23 135988904 3130577120
24 135762840 3266339960
25 135850904 3402190864
26 135723360 3537914224
27 135786480 3673700704
28 135787488 3809488192
29 135793064 3945281256
30 135864960 4081146216
31 135810688 4216956904
32 135799112 4352756016
33 135836880 4488592896
34 135764008 4624356904
35 135730480 4760087384
36 135727136 4895814520
37 135867208 5031681728
38 135735120 5167416848
39 135801832 5303218680
40 135744520 5438963200
41 135782800 5574746000
42 135784184 5710530184
43 135729488 5846259672
44 135806160 5982065832
45 135799128 6117864960
46 135764832 6253629792
47 135785952 6389415744
48 135714224 6525129968
49 135766808 6660896776
50 135725256 6796622032
51 135762704 6932384736
52 135747968 7068132704
53 135779608 7203912312
54 136690712 7340603024
55 135732792 7476335816
56 135752552 7612088368
57 135766360 7747854728
58 135776424 7883631152
59 135748776 8019379928
60 136259488 8155639416
61 136755920 8292395336
62 135751712 8428147048
63 135749560 8563896608
64 135831704 8699728312
65 135779552 8835507864
66 135737536 8971245400
67 135757888 9107003288
68 135735104 9242738392
69 135764384 9378502776
70 135789632 9514292408
71 135774384 9650066792
72 135760848 9785827640
73 135743304 9921570944
74 135753968 10057324912
75 135780328 10193105240
76 135729840 10328835080
77 135735216 10464570296
78 135767928 10600338224
79 135735800 10736074024
80 135811056 10871885080
81 135768408 11007653488
82 135776864 11143430352
83 135754208 11279184560
84 135774672 11414959232
85 135706992 11550666224
86 135711920 11686378144
87 135712840 11822090984
88 135732848 11957823832
89 135675120 12093498952
90 135649920 12229148872
91 135653096 12364801968
92 135698568 12500500536
93 135763128 12636263664
94 135729464 12771993128
95 135693576 12907686704
96 135676952 13043363656
97 135711720 13179075376
98 135678024 13314753400
99 135694192 13450447592
1 136625808 136625808
2 135669312 272295120
3 135647440 407942560
4 135655432 543597992
5 135669664 679267656
6 135656360 814924016
7 135676672 950600688
8 135661128 1086261816
9 135703872 1221965688
10 135659568 1357625256
11 135651176 1493276432
12 135678368 1628954800
13 135688952 1764643752
14 135634208 1900277960
15 135670936 2035948896
16 135842232 2171791128
17 135711616 2307502744
18 135725936 2443228680
19 135736336 2578965016
20 135735368 2714700384
21 135730112 2850430496
22 135774816 2986205312
23 135958024 3122163336
24 135903392 3258066728
25 135865208 3393931936
26 136185264 3530117200
27 135891328 3666008528
28 135867728 3801876256
29 135983848 3937860104
30 135847352 4073707456
31 137346624 4211054080
32 136313128 4347367208
33 135863080 4483230288
34 135868272 4619098560
35 136052120 4755150680
36 135906224 4891056904
37 136096456 5027153360
38 136351800 5163505160
39 136138160 5299643320
40 136185512 5435828832
41 136077928 5571906760
42 136043456 5707950216
43 135969088 5843919304
44 136140184 5980059488
45 136092496 6116151984
46 136132136 6252284120
47 136059040 6388343160
48 136033608 6524376768
49 134787888 6659164656
50 134816360 6793981016
51 134755128 6928736144
52 277411584 7206147728
53 136394496 7342542224
54 135838912 7478381136
55 135726936 7614108072
56 135805128 7749913200
57 136159600 7886072800
58 136033080 8022105880
59 136159272 8158265152
60 136060552 8294325704
61 135772144 8430097848
62 135874816 8565972664
63 135732136 8701704800
64 135884000 8837588800
65 135614720 8973203520
66 135763680 9108967200
67 135762136 9244729336
68 135672280 9380401616
69 135709888 9516111504
70 135720408 9651831912
71 135826208 9787658120
72 135750136 9923408256
73 135730160 10059138416
74 135742384 10194880800
75 135754984 10330635784
76 136001232 10466637016
77 136225752 10602862768
78 135981312 10738844080
79 135770432 10874614512
80 135913552 11010528064
81 135746640 11146274704
82 135726256 11282000960
83 135738384 11417739344
84 135769912 11553509256
85 136279632 11689788888
86 135879752 11825668640
87 135818680 11961487320
88 135831248 12097318568
89 135710952 12233029520
90 135766008 12368795528
91 135736704 12504532232
92 135717064 12640249296
93 135724368 12775973664
94 135833112 12911806776
95 135721200 13047527976
96 135750752 13183278728
97 135748216 13319026944
98 135730360 13454757304
99 137196352 13591953656
1 136654152 136654152
2 135752704 272406856
3 135776328 408183184
4 135743440 543926624
5 135731672 679658296
6 135802096 815460392
7 135744736 951205128
8 135751896 1086957024
9 135717272 1222674296
10 136026328 1358700624
11 136052024 1494752648
12 135745128 1630497776
13 135786256 1766284032
14 135783368 1902067400
15 135772520 2037839920
16 135858776 2173698696
17 135772752 2309471448
18 135818832 2445290280
19 135816296 2581106576
20 135796136 2716902712
21 135698520 2852601232
22 135788528 2988389760
23 135721088 3124110848
24 135757880 3259868728
25 135732176 3395600904
26 135759776 3531360680
27 135772912 3667133592
28 135762112 3802895704
29 135811584 3938707288
30 135800920 4074508208
31 135765856 4210274064
32 135721336 4345995400
33 135710864 4481706264
34 135767448 4617473712
35 135742424 4753216136
36 135767376 4888983512
37 135767984 5024751496
38 135772744 5160524240
39 135866488 5296390728
40 135749616 5432140344
41 135767320 5567907664
42 135769504 5703677168
43 135765296 5839442464
44 135777992 5975220456
45 135750360 6110970816
46 135731208 6246702024
47 135879416 6382581440
48 135826288 6518407728
49 135757576 6654165304
50 135751608 6789916912
51 135806096 6925723008
52 135780056 7061503064
53 135789576 7197292640
54 135740224 7333032864
55 135790624 7468823488
56 135762896 7604586384
57 135807768 7740394152
58 135840752 7876234904
59 135787008 8012021912
60 135792696 8147814608
61 135774016 8283588624
62 135786808 8419375432
63 135780760 8555156192
64 135809160 8690965352
65 135761960 8826727312
66 135752240 8962479552
67 135852120 9098331672
68 135804264 9234135936
69 137048776 9371184712
70 135921384 9507106096
71 135748440 9642854536
72 135730088 9778584624
73 135743728 9914328352
74 135753208 10050081560
75 135792792 10185874352
76 135749696 10321624048
77 135972640 10457596688
78 135776736 10593373424
79 135731560 10729104984
80 135770640 10864875624
81 135785400 11000661024
82 135703744 11136364768
83 135783256 11272148024
84 135718416 11407866440
85 140422368 11548288808
86 135751960 11684040768
87 135758008 11819798776
88 135737224 11955536000
89 135816920 12091352920
90 135769288 12227122208
91 135747216 12362869424
92 135771304 12498640728
93 135775960 12634416688
94 135800272 12770216960
95 135793312 12906010272
96 135788568 13041798840
97 135775552 13177574392
98 135732336 13313306728
99 135780224 13449086952
1 136693520 136693520
2 135721704 272415224
3 135754696 408169920
4 135743024 543912944
5 135803208 679716152
6 135807064 815523216
7 135782040 951305256
8 135732168 1087037424
9 135702520 1222739944
10 135772104 1358512048
11 135756920 1494268968
12 135736352 1630005320
13 135778984 1765784304
14 135743336 1901527640
15 135765456 2037293096
16 135884152 2173177248
17 135799800 2308977048
18 135817128 2444794176
19 135706160 2580500336
20 135748136 2716248472
21 135809472 2852057944
22 135746352 2987804296
23 135760128 3123564424
24 135734624 3259299048
25 135761720 3395060768
26 135832936 3530893704
27 135733048 3666626752
28 135716864 3802343616
29 138136216 3940479832
30 135703104 4076182936
31 136440064 4212623000
32 136740472 4349363472
33 136019472 4485382944
34 135728096 4621111040
35 136227128 4757338168
36 136153968 4893492136
37 136115008 5029607144
38 135798776 5165405920
39 137116216 5302522136
40 136010920 5438533056
41 136112936 5574645992
42 135970128 5710616120
43 135897184 5846513304
44 136124728 5982638032
45 135827456 6118465488
46 135836856 6254302344
47 135730704 6390033048
48 135889328 6525922376
49 135763040 6661685416
50 135749480 6797434896
51 135765560 6933200456
52 135914576 7069115032
53 135756976 7204872008
54 135754640 7340626648
55 135751872 7476378520
56 136022552 7612401072
57 136125192 7748526264
58 135941824 7884468088
59 136245512 8020713600
60 136381896 8157095496
61 135845240 8292940736
62 136042440 8428983176
63 135776880 8564760056
64 135743096 8700503152
65 135777392 8836280544
66 135739600 8972020144
67 135776152 9107796296
68 135840984 9243637280
69 135766416 9379403696
70 135996768 9515400464
71 136132544 9651533008
72 136082168 9787615176
73 136009928 9923625104
74 135912944 10059538048
75 136008856 10195546904
76 136127736 10331674640
77 135903488 10467578128
78 136032544 10603610672
79 135999296 10739609968
80 135944024 10875553992
81 135917056 11011471048
82 135780472 11147251520
83 135845264 11283096784
84 135834448 11418931232
85 135771296 11554702528
86 135721448 11690423976
87 135907840 11826331816
88 136032088 11962363904
89 135737968 12098101872
90 135772080 12233873952
91 135786304 12369660256
92 136146600 12505806856
93 135859048 12641665904
94 135759144 12777425048
95 135736224 12913161272
96 136004000 13049165272
97 135914744 13185080016
98 135744632 13320824648
99 135708824 13456533472
1 136741632 136741632
2 135769392 272511024
3 135803320 408314344
4 135709864 544024208
5 135770776 679794984
6 135728024 815523008
7 135695792 951218800
8 136977440 1088196240
9 135692400 1223888640
10 135869440 1359758080
11 135733392 1495491472
12 135723792 1631215264
13 135724512 1766939776
14 135729768 1902669544
15 135757880 2038427424
16 135849904 2174277328
17 135768528 2310045856
18 136137648 2446183504
19 135734136 2581917640
20 135715856 2717633496
21 135734712 2853368208
22 135727616 2989095824
23 140425448 3129521272
24 135769800 3265291072
25 135718416 3401009488
26 135949928 3536959416
27 135690368 3672649784
28 135772704 3808422488
29 135722056 3944144544
30 135750512 4079895056
31 135772392 4215667448
32 135741096 4351408544
33 135776856 4487185400
34 135766448 4622951848
35 135734688 4758686536
36 135727136 4894413672
37 136655736 5031069408
38 135845632 5166915040
39 135802288 5302717328
40 135725176 5438442504
41 135710024 5574152528
42 135750896 5709903424
43 135838360 5845741784
44 135716256 5981458040
45 135716104 6117174144
46 135713440 6252887584
47 135736680 6388624264
48 135744760 6524369024
49 135710184 6660079208
50 135716792 6795796000
51 135796648 6931592648
52 135713488 7067306136
53 135716424 7203022560
54 135735968 7338758528
55 135733392 7474491920
56 135741016 7610232936
57 135753720 7745986656
58 135784040 7881770696
59 135941672 8017712368
60 135744736 8153457104
61 135720848 8289177952
62 135742360 8424920312
63 135752872 8560673184
64 135762672 8696435856
65 135720424 8832156280
66 136115832 8968272112
67 135820648 9104092760
68 135721344 9239814104
69 135753968 9375568072
70 135721944 9511290016
71 135739040 9647029056
72 135720344 9782749400
73 135716832 9918466232
74 135740112 10054206344
75 135751704 10189958048
76 135759968 10325718016
77 136990080 10462708096
78 135826008 10598534104
79 135746016 10734280120
80 135734192 10870014312
81 135771304 11005785616
82 135755544 11141541160
83 135817208 11277358368
84 135851968 11413210336
85 135705392 11548915728
86 135694928 11684610656
87 135786448 11820397104
88 135742344 11956139448
89 135751824 12091891272
90 135686144 12227577416
91 135724552 12363301968
92 135733728 12499035696
93 135758840 12634794536
94 135718888 12770513424
95 135700976 12906214400
96 135737432 13041951832
97 135778616 13177730448
98 135717976 13313448424
99 135744016 13449192440
1 136670656 136670656
2 135824872 272495528
3 135776376 408271904
4 135771728 544043632
5 135774272 679817904
6 135755840 815573744
7 135777112 951350856
8 135768072 1087118928
9 135765616 1222884544
10 135763936 1358648480
11 135828888 1494477368
12 135761472 1630238840
13 135784072 1766022912
14 135762144 1901785056
15 135834048 2037619104
16 135975504 2173594608
17 135746288 2309340896
18 135786776 2445127672
19 135807424 2580935096
20 135791016 2716726112
21 135726552 2852452664
22 135747432 2988200096
23 135755192 3123955288
24 135772288 3259727576
25 135841224 3395568800
26 135733984 3531302784
27 135775728 3667078512
28 135720456 3802798968
29 135805152 3938604120
30 135723840 4074327960
31 135770264 4210098224
32 135725008 4345823232
33 135730776 4481554008
34 135758872 4617312880
35 135745824 4753058704
36 135695456 4888754160
37 135720640 5024474800
38 135758488 5160233288
39 135810200 5296043488
40 135770472 5431813960
41 135751832 5567565792
42 135762816 5703328608
43 135752808 5839081416
44 135846696 5974928112
45 135766384 6110694496
46 135765656 6246460152
47 137012416 6383472568
48 135796512 6519269080
49 135776000 6655045080
50 135773808 6790818888
51 135720200 6926539088
52 135759008 7062298096
53 135784728 7198082824
54 135813744 7333896568
55 135783376 7469679944
56 135767608 7605447552
57 135735960 7741183512
58 135799704 7876983216
59 135754664 8012737880
60 135808280 8148546160
61 140642760 8289188920
62 135763736 8424952656
63 135728592 8560681248
64 135749736 8696430984
65 135765608 8832196592
66 135774608 8967971200
67 135742448 9103713648
68 135784848 9239498496
69 135705416 9375203912
70 135812648 9511016560
71 135759176 9646775736
72 135845704 9782621440
73 135755880 9918377320
74 135783056 10054160376
75 135747720 10189908096
76 135751864 10325659960
77 135768784 10461428744
78 135787440 10597216184
79 135731872 10732948056
80 135791944 10868740000
81 135752608 11004492608
82 135812440 11140305048
83 135746352 11276051400
84 135761072 11411812472
85 135685392 11547497864
86 135641936 11683139800
87 135671128 11818810928
88 135671240 11954482168
89 135636344 12090118512
90 135687696 12225806208
91 135681216 12361487424
92 135657264 12497144688
93 135731592 12632876280
94 135664608 12768540888
95 135651392 12904192280
96 135676744 13039869024
97 135668552 13175537576
98 135698952 13311236528
99 135641912 13446878440
1 136575240 136575240
2 135648712 272223952
3 135674784 407898736
4 135700744 543599480
5 135636072 679235552
6 135693432 814928984
7 135745288 950674272
8 135663480 1086337752
9 135673320 1222011072
10 135708256 1357719328
11 135649304 1493368632
12 135668288 1629036920
13 135679776 1764716696
14 135698896 1900415592
15 135697488 2036113080
16 135892392 2172005472
17 136973256 2308978728
18 135767896 2444746624
19 135738656 2580485280
20 135735544 2716220824
21 135706064 2851926888
22 135701768 2987628656
23 135714576 3123343232
24 135717088 3259060320
25 135736144 3394796464
26 135714080 3530510544
27 135703448 3666213992
28 135751616 3801965608
29 135750216 3937715824
30 135743656 4073459480
31 135730712 4209190192
32 135778632 4344968824
33 135732680 4480701504
34 135723920 4616425424
35 135833064 4752258488
36 135722432 4887980920
37 135746512 5023727432
38 135671200 5159398632
39 135718864 5295117496
40 135707504 5430825000
41 135708360 5566533360
42 135698560 5702231920
43 135706624 5837938544
44 135708704 5973647248
45 135742288 6109389536
46 135696744 6245086280
47 135706328 6380792608
48 135682240 6516474848
49 135759760 6652234608
50 135712328 6787946936
51 135741104 6923688040
52 135695248 7059383288
53 135732064 7195115352
54 135704848 7330820200
55 135710704 7466530904
56 135706464 7602237368
57 135780048 7738017416
58 135678048 7873695464
59 135726416 8009421880
60 135733224 8145155104
61 135700328 8280855432
62 135714224 8416569656
63 135755576 8552325232
64 135734384 8688059616
65 135725512 8823785128
66 135751424 8959536552
67 135746680 9095283232
68 135719912 9231003144
69 135709696 9366712840
70 135696912 9502409752
71 135769208 9638178960
72 135730392 9773909352
73 135743504 9909652856
74 135711200 10045364056
75 135723192 10181087248
76 135766776 10316854024
77 135688232 10452542256
78 135752784 10588295040
79 135695240 10723990280
80 135803384 10859793664
81 135767552 10995561216
82 135731352 11131292568
83 135756888 11267049456
84 135748856 11402798312
85 135654288 11538452600
86 136956936 11675409536
87 135833864 11811243400
88 135656928 11946900328
89 135696096 12082596424
90 135703648 12218300072
91 135708520 12354008592
92 135684736 12489693328
93 135672592 12625365920
94 135644200 12761010120
95 135632528 12896642648
96 135652208 13032294856
97 135684632 13167979488
98 135620424 13303599912
99 138280304 13441880216
1 136615576 136615576
2 134814944 271430520
3 134790728 406221248
4 134803944 541025192
5 134781072 675806264
6 134789160 810595424
7 134781992 945377416
8 134790008 1080167424
9 134754200 1214921624
10 134824000 1349745624
11 134774208 1484519832
12 134779208 1619299040
13 134832896 1754131936
14 134796376 1888928312
15 134832136 2023760448
16 135092576 2158853024
17 134796432 2293649456
18 134843096 2428492552
19 134764104 2563256656
20 134767568 2698024224
21 134943736 2832967960
22 134784440 2967752400
23 134769640 3102522040
24 134793880 3237315920
25 134785680 3372101600
26 134866568 3506968168
27 134752848 3641721016
28 134755992 3776477008
29 134797296 3911274304
30 134787048 4046061352
31 134798864 4180860216
32 134819960 4315680176
33 134794224 4450474400
34 134854240 4585328640
35 134784808 4720113448
36 134817776 4854931224
37 134797136 4989728360
38 134810912 5124539272
39 134762312 5259301584
40 134792232 5394093816
41 134788720 5528882536
42 137178808 5666061344
43 135861464 5801922808
44 135739280 5937662088
45 135741056 6073403144
46 135776088 6209179232
47 135771928 6344951160
48 135741152 6480692312
49 135798392 6616490704
50 135754184 6752244888
51 135725144 6887970032
52 135753168 7023723200
53 135763176 7159486376
54 135719272 7295205648
55 135753184 7430958832
56 135733400 7566692232
57 135817248 7702509480
58 135778520 7838288000
59 135869856 7974157856
60 135804712 8109962568
61 135788848 8245751416
62 135790784 8381542200
63 135770120 8517312320
64 135729984 8653042304
65 135760784 8788803088
66 135755984 8924559072
67 135738576 9060297648
68 135815712 9196113360
69 135815064 9331928424
70 135834008 9467762432
71 135753952 9603516384
72 135765432 9739281816
73 135778704 9875060520
74 135747864 10010808384
75 135722408 10146530792
76 135775800 10282306592
77 135724960 10418031552
78 135784160 10553815712
79 135766552 10689582264
80 135762088 10825344352
81 135743856 10961088208
82 135847328 11096935536
83 135831744 11232767280
84 137065488 11369832768
85 135737992 11505570760
86 135690584 11641261344
87 135710304 11776971648
88 135691368 11912663016
89 135823440 12048486456
90 135697168 12184183624
91 135687592 12319871216
92 135709112 12455580328
93 135666032 12591246360
94 135694720 12726941080
95 135694944 12862636024
96 135677608 12998313632
97 135686840 13134000472
98 135733536 13269734008
99 135659584 13405393592
1 136652960 136652960
2 135703472 272356432
3 135711296 408067728
4 135708912 543776640
5 135702256 679478896
6 135733656 815212552
7 135685728 950898280
8 135691792 1086590072
9 135709176 1222299248
10 135716600 1358015848
11 135687112 1493702960
12 136552800 1630255760
13 135698536 1765954296
14 136311400 1902265696
15 135790520 2038056216
16 135948400 2174004616
17 135756432 2309761048
18 135753440 2445514488
19 135735136 2581249624
20 135767720 2717017344
21 135744560 2852761904
22 135773768 2988535672
23 135745712 3124281384
24 135736648 3260018032
25 135758968 3395777000
26 135764248 3531541248
27 135766808 3667308056
28 135733616 3803041672
29 135776424 3938818096
30 135807240 4074625336
31 135775208 4210400544
32 135804416 4346204960
33 135748112 4481953072
34 135755816 4617708888
35 135765672 4753474560
36 135814720 4889289280
37 135794328 5025083608
38 138305088 5163388696
39 134813368 5298202064
40 134852056 5433054120
41 134779240 5567833360
42 134861208 5702694568
43 134810376 5837504944
44 134857400 5972362344
45 134825008 6107187352
46 134827368 6242014720
47 134789936 6376804656
48 134882368 6511687024
49 134810672 6646497696
50 134811864 6781309560
51 134796256 6916105816
52 134796536 7050902352
53 134790632 7185692984
54 134796976 7320489960
55 134887752 7455377712
56 134865768 7590243480
57 134826080 7725069560
58 134821856 7859891416
59 134802800 7994694216
60 134751000 8129445216
61 134807376 8264252592
62 134774040 8399026632
63 134831336 8533857968
64 134788840 8668646808
65 134774568 8803421376
66 134806696 8938228072
67 134781416 9073009488
68 134810800 9207820288
69 134812184 9342632472
70 134813872 9477446344
71 134804064 9612250408
72 134828544 9747078952
73 134786496 9881865448
74 134774064 10016639512
75 134768504 10151408016
76 134811616 10286219632
77 134778976 10420998608
78 134789800 10555788408
79 134802512 10690590920
80 134771456 10825362376
81 134834000 10960196376
82 134799232 11094995608
83 134794880 11229790488
84 134867472 11364657960
85 134802592 11499460552
86 134963984 11634424536
87 134862688 11769287224
88 134778144 11904065368
89 134791664 12038857032
90 134801832 12173658864
91 134808976 12308467840
92 134802712 12443270552
93 134802056 12578072608
94 134813456 12712886064
95 134804328 12847690392
96 134791600 12982481992
97 134806016 13117288008
98 134859096 13252147104
99 134781512 13386928616
1 136600096 136600096
2 134763584 271363680
3 134811472 406175152
4 134736752 540911904
5 134735400 675647304
6 134738432 810385736
7 134729592 945115328
8 134795336 1079910664
9 134744504 1214655168
10 134725968 1349381136
11 134758888 1484140024
12 134798392 1618938416
13 134786960 1753725376
14 134762680 1888488056
15 134773456 2023261512
16 134982144 2158243656
17 134766992 2293010648
18 134825792 2427836440
19 134761464 2562597904
20 134751184 2697349088
21 134747432 2832096520
22 134710472 2966806992
23 134744368 3101551360
24 134781064 3236332424
25 134776408 3371108832
26 134822280 3505931112
27 134770008 3640701120
28 134721952 3775423072
29 134743072 3910166144
30 134757808 4044923952
31 134745072 4179669024
32 134747648 4314416672
33 134733952 4449150624
34 134759480 4583910104
35 134731000 4718641104
36 134761272 4853402376
37 134768344 4988170720
38 134747760 5122918480
39 134746624 5257665104
40 134750504 5392415608
41 134800832 5527216440
42 134762856 5661979296
43 134749096 5796728392
44 134738176 5931466568
45 134767808 6066234376
46 134770424 6201004800
47 134726312 6335731112
48 134728864 6470459976
49 134743144 6605203120
50 134746808 6739949928
51 134758568 6874708496
52 134759344 7009467840
53 134763448 7144231288
54 134872328 7279103616
55 134759688 7413863304
56 134736888 7548600192
57 137056336 7685656528
58 135755312 7821411840
59 135800992 7957212832
60 135720784 8092933616
61 135744288 8228677904
62 135792888 8364470792
63 135742456 8500213248
64 135737688 8635950936
65 135680992 8771631928
66 135757200 8907389128
67 135688512 9043077640
68 135731496 9178809136
69 135965736 9314774872
70 135728480 9450503352
71 135722656 9586226008
72 135740376 9721966384
73 135733496 9857699880
74 135738384 9993438264
75 135733808 10129172072
76 135704656 10264876728
77 140396376 10405273104
78 135767520 10541040624
79 135695184 10676735808
80 135698648 10812434456
81 135770048 10948204504
82 135723608 11083928112
83 135740632 11219668744
84 135741560 11355410304
85 135740320 11491150624
86 135668256 11626818880
87 135659200 11762478080
88 135593288 11898071368
89 135674328 12033745696
90 135690176 12169435872
91 135681592 12305117464
92 135708448 12440825912
93 135667744 12576493656
94 135683416 12712177072
95 135694136 12847871208
96 135647656 12983518864
97 135718152 13119237016
98 135640008 13254877024
99 135637280 13390514304
1 136598800 136598800
2 135670792 272269592
3 135700360 407969952
4 135672416 543642368
5 135705344 679347712
6 135727560 815075272
7 135730752 950806024
8 135726368 1086532392
9 135702928 1222235320
10 135719720 1357955040
11 135719672 1493674712
12 135687016 1629361728
13 135720800 1765082528
14 135687536 1900770064
15 135713712 2036483776
16 135916600 2172400376
17 135800000 2308200376
18 135772000 2443972376
19 135781344 2579753720
20 135732184 2715485904
21 135819432 2851305336
22 135752544 2987057880
23 135799480 3122857360
24 135762808 3258620168
25 136170200 3394790368
26 135818072 3530608440
27 137098936 3667707376
28 135756736 3803464112
29 135760592 3939224704
30 135752264 4074976968
31 135741120 4210718088
32 135768264 4346486352
33 135737160 4482223512
34 135729304 4617952816
35 135797688 4753750504
36 135754440 4889504944
37 135787160 5025292104
38 135749248 5161041352
39 135722392 5296763744
40 135743832 5432507576
41 135748128 5568255704
42 135762600 5704018304
43 135752616 5839770920
44 135730552 5975501472
45 135880584 6111382056
46 135729304 6247111360
47 135732728 6382844088
48 135855928 6518700016
49 135755464 6654455480
50 135810112 6790265592
51 135850392 6926115984
52 135776544 7061892528
53 135825944 7197718472
54 135772688 7333491160
55 135827760 7469318920
56 135726096 7605045016
57 135754032 7740799048
58 135743904 7876542952
59 135773576 8012316528
60 135752832 8148069360
61 135769488 8283838848
62 135773624 8419612472
63 135785856 8555398328
64 135800128 8691198456
65 135761024 8826959480
66 135821688 8962781168
67 135759768 9098540936
68 135784328 9234325264
69 135765536 9370090800
70 135765720 9505856520
71 135791144 9641647664
72 135748008 9777395672
73 135756408 9913152080
74 135795672 10048947752
75 135729200 10184676952
76 135814528 10320491480
77 135765928 10456257408
78 135810008 10592067416
79 135715656 10727783072
80 135801032 10863584104
81 135798648 10999382752
82 135744152 11135126904
83 135744704 11270871608
84 135786376 11406657984
85 135664400 11542322384
86 135714184 11678036568
87 135681360 11813717928
88 135678336 11949396264
89 135628208 12085024472
90 135686008 12220710480
91 135707312 12356417792
92 135678600 12492096392
93 135732528 12627828920
94 135730832 12763559752
95 135667680 12899227432
96 136887200 13036114632
97 135854672 13171969304
98 135692064 13307661368
99 135718256 13443379624
1 136549656 136549656
2 135690144 272239800
3 135654344 407894144
4 135689824 543583968
5 135697952 679281920
6 135702232 814984152
7 135661160 950645312
8 135723584 1086368896
9 135691072 1222059968
10 135754584 1357814552
11 135723808 1493538360
12 135701776 1629240136
13 135708520 1764948656
14 135691112 1900639768
15 135723008 2036362776
16 135596280 2171959056
17 135747360 2307706416
18 135752912 2443459328
19 135719616 2579178944
20 135757960 2714936904
21 135754312 2850691216
22 135806696 2986497912
23 135761520 3122259432
24 135772400 3258031832
25 135762008 3393793840
26 135758144 3529551984
27 135777600 3665329584
28 135729440 3801059024
29 135744056 3936803080
30 135765480 4072568560
31 135767952 4208336512
32 135755376 4344091888
33 135708536 4479800424
34 135722584 4615523008
35 135768680 4751291688
36 135722552 4887014240
37 135748960 5022763200
38 135855192 5158618392
39 135784856 5294403248
40 135769968 5430173216
41 135737208 5565910424
42 135739560 5701649984
43 135767080 5837417064
44 135716704 5973133768
45 135717296 6108851064
46 135721328 6244572392
47 135786824 6380359216
48 135777016 6516136232
49 135788448 6651924680
50 135719128 6787643808
51 135791832 6923435640
52 135740952 7059176592
53 135749832 7194926424
54 135745736 7330672160
55 135750992 7466423152
56 135746976 7602170128
57 135731160 7737901288
58 136085248 7873986536
59 135758272 8009744808
60 135741232 8145486040
61 135832856 8281318896
62 135778216 8417097112
63 135739624 8552836736
64 135749672 8688586408
65 135760240 8824346648
66 137075512 8961422160
67 135956752 9097378912
68 135756472 9233135384
69 135744424 9368879808
70 135726776 9504606584
71 135776088 9640382672
72 135716528 9776099200
73 135763776 9911862976
74 135828824 10047691800
75 135763696 10183455496
76 135735440 10319190936
77 135746704 10454937640
78 135785824 10590723464
79 135751384 10726474848
80 135702856 10862177704
81 135768984 10997946688
82 135753632 11133700320
83 135724152 11269424472
84 135753488 11405177960
85 135656064 11540834024
86 135673456 11676507480
87 135699680 11812207160
88 135665648 11947872808
89 135672936 12083545744
90 135724744 12219270488
91 135661936 12354932424
92 135652664 12490585088
93 135716008 12626301096
94 135742120 12762043216
95 135698896 12897742112
96 135637544 13033379656
97 135685480 13169065136
98 135703720 13304768856
99 135651936 13440420792
