1 462661776 462661776
2 460488872 923150648
3 460553904 1383704552
4 460622992 1844327544
5 460763232 2305090776
6 458100784 2763191560
7 460593424 3223784984
8 460197040 3683982024
9 461038016 4145020040
10 460737560 4605757600
11 457126048 5062883648
12 460571176 5523454824
13 460536600 5983991424
14 460498384 6444489808
15 460533376 6905023184
16 460490488 7365513672
17 460496408 7826010080
18 460561128 8286571208
19 460511680 8747082888
20 460135960 9207218848
21 457085688 9664304536
22 460581904 10124886440
23 460513480 10585399920
24 457605592 11043005512
25 457453712 11500459224
26 464459808 11964919032
27 459033248 12423952280
28 460548000 12884500280
29 464208416 13348708696
30 460464984 13809173680
31 464586248 14273759928
32 461539608 14735299536
33 459263312 15194562848
34 459537256 15654100104
35 460524904 16114625008
36 462608432 16577233440
37 463532480 17040765920
38 465508488 17506274408
39 457734208 17964008616
40 460609992 18424618608
41 460570880 18885189488
42 460560984 19345750472
43 460584832 19806335304
44 460697104 20267032408
45 460740736 20727773144
46 460507552 21188280696
47 460504448 21648785144
48 459821504 22108606648
49 460526024 22569132672
50 460599784 23029732456
51 460508192 23490240648
52 462335448 23952576096
53 461062792 24413638888
54 459575752 24873214640
55 459091472 25332306112
56 461353912 25793660024
57 458955104 26252615128
58 460850200 26713465328
59 460616144 27174081472
60 459294512 27633375984
61 462934600 28096310584
62 464124352 28560434936
63 461810968 29022245904
64 463868560 29486114464
65 464727024 29950841488
66 460072296 30410913784
67 462676120 30873589904
68 465225896 31338815800
69 465874224 31804690024
70 461911608 32266601632
71 459472672 32726074304
72 458886832 33184961136
73 462001704 33646962840
74 460954712 34107917552
75 461293272 34569210824
76 458770112 35027980936
77 461063152 35489044088
78 463618920 35952663008
79 461564168 36414227176
80 463480400 36877707576
81 461159120 37338866696
82 465468624 37804335320
83 458077728 38262413048
84 463375976 38725789024
85 460815416 39186604440
86 457728920 39644333360
87 457866888 40102200248
88 460902080 40563102328
89 460584240 41023686568
90 461371632 41485058200
91 461101616 41946159816
92 462576216 42408736032
93 460149360 42868885392
94 461264088 43330149480
95 461639184 43791788664
96 462446800 44254235464
97 461137656 44715373120
98 462092568 45177465688
99 464044272 45641509960
1 460907152 460907152
2 464461608 925368760
3 461524904 1386893664
4 459346104 1846239768
5 461715504 2307955272
6 462643864 2770599136
7 461605224 3232204360
8 459079576 3691283936
9 458770376 4150054312
10 461578184 4611632496
11 459614664 5071247160
12 460149904 5531397064
13 462561520 5993958584
14 460253656 6454212240
15 461308576 6915520816
16 462018832 7377539648
17 462344200 7839883848
18 459865824 8299749672
19 458865192 8758614864
20 457905272 9216520136
21 460606168 9677126304
22 462386080 10139512384
23 461079056 10600591440
24 460691040 11061282480
25 457693056 11518975536
26 460321856 11979297392
27 460792856 12440090248
28 464930968 12905021216
29 462897664 13367918880
30 459309856 13827228736
31 460750896 14287979632
32 461549656 14749529288
33 461056736 15210586024
34 464039256 15674625280
35 462983424 16137608704
36 458096912 16595705616
37 461429576 17057135192
38 461504240 17518639432
39 463106416 17981745848
40 460914056 18442659904
41 457508712 18900168616
42 458167136 19358335752
43 461453072 19819788824
44 460910288 20280699112
45 463747336 20744446448
46 463601840 21208048288
47 460111072 21668159360
48 459153904 22127313264
49 460476744 22587790008
50 462303048 23050093056
51 458102808 23508195864
52 457658768 23965854632
53 459308096 24425162728
54 461300640 24886463368
55 459854544 25346317912
56 458925392 25805243304
57 461474840 26266718144
58 463056576 26729774720
59 458670088 27188444808
60 460660184 27649104992
61 459649384 28108754376
62 462676536 28571430912
63 458270656 29029701568
64 462484528 29492186096
65 459947360 29952133456
66 462201664 30414335120
67 461338040 30875673160
68 462957592 31338630752
69 462032776 31800663528
70 459472984 32260136512
71 459717248 32719853760
72 464335816 33184189576
73 459981800 33644171376
74 461909288 34106080664
75 459439224 34565519888
76 460727256 35026247144
77 462724640 35488971784
78 462571472 35951543256
79 460865280 36412408536
80 459322664 36871731200
81 462046440 37333777640
82 458313472 37792091112
83 461015224 38253106336
84 461402576 38714508912
85 460582840 39175091752
86 459684920 39634776672
87 461056416 40095833088
88 461820320 40557653408
89 462419296 41020072704
90 460349576 41480422280
91 457818208 41938240488
92 461030376 42399270864
93 460019056 42859289920
94 457954904 43317244824
95 460592896 43777837720
96 460601448 44238439168
97 460564944 44699004112
98 460656000 45159660112
99 460637696 45620297808
1 462544072 462544072
2 460628472 923172544
3 460387272 1383559816
4 459117528 1842677344
5 457883408 2300560752
6 460708696 2761269448
7 460699000 3221968448
8 460487032 3682455480
9 460742216 4143197696
10 457001624 4600199320
11 457546576 5057745896
12 460630640 5518376536
13 460497064 5978873600
14 457251696 6436125296
15 461001000 6897126296
16 459903384 7357029680
17 464845552 7821875232
18 458816928 8280692160
19 460185208 8740877368
20 459311456 9200188824
21 459805000 9659993824
22 459146784 10119140608
23 460326680 10579467288
24 462939968 11042407256
25 458740584 11501147840
26 458000800 11959148640
27 459783552 12418932192
28 458298312 12877230504
29 464211456 13341441960
30 461041592 13802483552
31 459015992 14261499544
32 459958936 14721458480
33 457838464 15179296944
34 459171824 15638468768
35 458556288 16097025056
36 459908024 16556933080
37 459797624 17016730704
38 460616232 17477346936
39 460144912 17937491848
40 458953080 18396444928
41 461923688 18858368616
42 462663912 19321032528
43 459595848 19780628376
44 459004776 20239633152
45 459484064 20699117216
46 461028592 21160145808
47 459051008 21619196816
48 461660592 22080857408
49 458093056 22538950464
50 458738616 22997689080
51 458947992 23456637072
52 461582928 23918220000
53 460841704 24379061704
54 460368192 24839429896
55 463031224 25302461120
56 459817144 25762278264
57 459492536 26221770800
58 460971872 26682742672
59 458733704 27141476376
60 458509888 27599986264
61 460108960 28060095224
62 464348584 28524443808
63 463803888 28988247696
64 459094528 29447342224
65 459158888 29906501112
66 458587688 30365088800
67 457930528 30823019328
68 459091712 31282111040
69 460018640 31742129680
70 457943032 32200072712
71 458471720 32658544432
72 458353072 33116897504
73 459600880 33576498384
74 457662608 34034160992
75 457783000 34491943992
76 458526704 34950470696
77 457799248 35408269944
78 458221312 35866491256
79 461348048 36327839304
80 460435216 36788274520
81 458592816 37246867336
82 460001856 37706869192
83 460177136 38167046328
84 460184488 38627230816
85 460626296 39087857112
86 460118664 39547975776
87 458729200 40006704976
88 460406272 40467111248
89 461433488 40928544736
90 458372648 41386917384
91 461751032 41848668416
92 458400776 42307069192
93 461970752 42769039944
94 459158216 43228198160
95 464092632 43692290792
96 460097888 44152388680
97 459648776 44612037456
98 458413616 45070451072
99 460333792 45530784864
1 458884808 458884808
2 460862848 919747656
3 460531168 1380278824
4 459050504 1839329328
5 458664328 2297993656
6 461032128 2759025784
7 464479184 3223504968
8 460589264 3684094232
9 460518832 4144613064
10 463389504 4608002568
11 456946296 5064948864
12 457768592 5522717456
13 460416152 5983133608
14 460536768 6443670376
15 460489224 6904159600
16 458865696 7363025296
17 460586976 7823612272
18 460702136 8284314408
19 460507776 8744822184
20 460411416 9205233600
21 462374864 9667608464
22 461461136 10129069600
23 459436016 10588505616
24 459620192 11048125808
25 459620408 11507746216
26 460754976 11968501192
27 460807640 12429308832
28 459809616 12889118448
29 461596856 13350715304
30 461472312 13812187616
31 461455008 14273642624
32 459191728 14732834352
33 461429984 15194264336
34 460916560 15655180896
35 461312920 16116493816
36 462405376 16578899192
37 458825224 17037724416
38 457984840 17495709256
39 458653592 17954362848
40 457386720 18411749568
41 461213688 18872963256
42 459130960 19332094216
43 458682448 19790776664
44 461262160 20252038824
45 459553896 20711592720
46 457971312 21169564032
47 459298728 21628862760
48 457438008 22086300768
49 457449904 22543750672
50 457415600 23001166272
51 458971440 23460137712
52 464106920 23924244632
53 459029544 24383274176
54 458817144 24842091320
55 457584960 25299676280
56 460568152 25760244432
57 457310848 26217555280
58 457648032 26675203312
59 458725448 27133928760
60 457368392 27591297152
61 460088072 28051385224
62 457992200 28509377424
63 461798192 28971175616
64 458463640 29429639256
65 459439408 29889078664
66 458665168 30347743832
67 458923200 30806667032
68 458027832 31264694864
69 458026584 31722721448
70 457566176 32180287624
71 461473688 32641761312
72 458393776 33100155088
73 458041720 33558196808
74 459327568 34017524376
75 461383544 34478907920
76 461487856 34940395776
77 461473440 35401869216
78 461774760 35863643976
79 458772136 36322416112
80 462072048 36784488160
81 459080024 37243568184
82 460412160 37703980344
83 459577832 38163558176
84 459082448 38622640624
85 459305776 39081946400
86 463345392 39545291792
87 461041624 40006333416
88 461259488 40467592904
89 459101696 40926694600
90 462604600 41389299200
91 461064440 41850363640
92 458443072 42308806712
93 460870384 42769677096
94 459975816 43229652912
95 460067416 43689720328
96 462337880 44152058208
97 460451560 44612509768
98 460539240 45073049008
99 459454312 45532503320
1 459393952 459393952
2 458343920 917737872
3 460577376 1378315248
4 460540192 1838855440
5 459681296 2298536736
6 456851192 2755387928
7 460709872 3216097800
8 460712208 3676810008
9 460508936 4137318944
10 460505336 4597824280
11 460525184 5058349464
12 457557920 5515907384
13 460481992 5976389376
14 459070896 6435460272
15 462162832 6897623104
16 460963232 7358586336
17 461341912 7819928248
18 457773936 8277702184
19 459392048 8737094232
20 462256304 9199350536
21 458959616 9658310152
22 460057184 10118367336
23 458212128 10576579464
24 457684376 11034263840
25 460264640 11494528480
26 457809912 11952338392
27 458514592 12410852984
28 457745096 12868598080
29 459031432 13327629512
30 457738736 13785368248
31 460877568 14246245816
32 458971712 14705217528
33 458868808 15164086336
34 458074952 15622161288
35 458810664 16080971952
36 460046752 16541018704
37 458965512 16999984216
38 458874880 17458859096
39 457596320 17916455416
40 458476112 18374931528
41 460125472 18835057000
42 467284528 19302341528
43 460348072 19762689600
44 460503120 20223192720
45 460504840 20683697560
46 460486584 21144184144
47 460854896 21605039040
48 459911496 22064950536
49 460487616 22525438152
50 460488536 22985926688
51 460513232 23446439920
52 460555160 23906995080
53 462079832 24369074912
54 460491944 24829566856
55 460521864 25290088720
56 460500480 25750589200
57 460913296 26211502496
58 459824128 26671326624
59 460063304 27131389928
60 462711920 27594101848
61 461480880 28055582728
62 458307152 28513889880
63 457721360 28971611240
64 458353848 29429965088
65 460808848 29890773936
66 457893584 30348667520
67 459488104 30808155624
68 458321416 31266477040
69 458969264 31725446304
70 458450320 32183896624
71 460375696 32644272320
72 459485040 33103757360
73 458356472 33562113832
74 463492960 34025606792
75 463098280 34488705072
76 461478752 34950183824
77 458079008 35408262832
78 461495024 35869757856
79 463547384 36333305240
80 461477488 36794782728
81 461412656 37256195384
82 461307336 37717502720
83 459025616 38176528336
84 461412320 38637940656
85 461452064 39099392720
86 463751136 39563143856
87 461507776 40024651632
88 458087280 40482738912
89 458994696 40941733608
90 458063056 41399796664
91 461292640 41861089304
92 462129696 42323219000
93 461568576 42784787576
94 459075160 43243862736
95 462216648 43706079384
96 457565232 44163644616
97 458338832 44621983448
98 464387120 45086370568
99 461445336 45547815904
1 462458256 462458256
2 463898152 926356408
3 461382696 1387739104
4 463642384 1851381488
5 461601256 2312982744
6 461699688 2774682432
7 460012592 3234695024
8 460170552 3694865576
9 460927872 4155793448
10 461424808 4617218256
11 460024888 5077243144
12 461301928 5538545072
13 457689992 5996235064
14 460922848 6457157912
15 459792840 6916950752
16 458296408 7375247160
17 458245992 7833493152
18 461670496 8295163648
19 458919776 8754083424
20 459047808 9213131232
21 458703680 9671834912
22 458114664 10129949576
23 460813920 10590763496
24 460555336 11051318832
25 460098400 11511417232
26 460961472 11972378704
27 461141608 12433520312
28 458254840 12891775152
29 463286648 13355061800
30 457824496 13812886296
31 458659512 14271545808
32 462832512 14734378320
33 458296592 15192674912
34 458803016 15651477928
35 458143920 16109621848
36 457974336 16567596184
37 460652312 17028248496
38 463385472 17491633968
39 460316848 17951950816
40 459615760 18411566576
41 460285848 18871852424
42 462188640 19334041064
43 459199608 19793240672
44 458262776 20251503448
45 458886384 20710389832
46 459475560 21169865392
47 457690968 21627556360
48 459221072 22086777432
49 458039976 22544817408
50 461427864 23006245272
51 461465872 23467711144
52 463891864 23931603008
53 461419112 24393022120
54 461469520 24854491640
55 459740288 25314231928
56 461439168 25775671096
57 459999176 26235670272
58 461387120 26697057392
59 461501120 27158558512
60 461478360 27620036872
61 457987944 28078024816
62 461478632 28539503448
63 461425640 29000929088
64 461466672 29462395760
65 457785864 29920181624
66 462796136 30382977760
67 461514776 30844492536
68 461491016 31305983552
69 461411760 31767395312
70 461437776 32228833088
71 457949560 32686782648
72 461450720 33148233368
73 461501168 33609734536
74 459690336 34069424872
75 461464376 34530889248
76 462251024 34993140272
77 461506176 35454646448
78 461465352 35916111800
79 460901488 36377013288
80 461357760 36838371048
81 464352752 37302723800
82 464203136 37766926936
83 461472944 38228399880
84 461505736 38689905616
85 458026648 39147932264
86 458283896 39606216160
87 461531600 40067747760
88 461526664 40529274424
89 462649248 40991923672
90 461220568 41453144240
91 461470200 41914614440
92 461478680 42376093120
93 461495496 42837588616
94 461476184 43299064800
95 461576424 43760641224
96 463722488 44224363712
97 461428144 44685791856
98 461513920 45147305776
99 461445992 45608751768
1 462508128 462508128
2 461391280 923899408
3 461547840 1385447248
4 461475368 1846922616
5 464211328 2311133944
6 461148128 2772282072
7 457596400 3229878472
8 460846496 3690724968
9 458408168 4149133136
10 461711192 4610844328
11 461573424 5072417752
12 460367920 5532785672
13 461933288 5994718960
14 458879592 6453598552
15 462797152 6916395704
16 461033424 7377429128
17 461080896 7838510024
18 460423648 8298933672
19 460996816 8759930488
20 458486264 9218416752
21 464531312 9682948064
22 460206680 10143154744
23 459660056 10602814800
24 460133520 11062948320
25 460960080 11523908400
26 457710720 11981619120
27 459882960 12441502080
28 460872448 12902374528
29 461498248 13363872776
30 461463608 13825336384
31 457468504 14282804888
32 461421544 14744226432
33 461388200 15205614632
34 463861680 15669476312
35 461458592 16130934904
36 460241696 16591176600
37 461470120 17052646720
38 464320504 17516967224
39 461423152 17978390376
40 463828904 18442219280
41 463428000 18905647280
42 463408800 19369056080
43 461487064 19830543144
44 461418456 20291961600
45 461346128 20753307728
46 461510944 21214818672
47 462419432 21677238104
48 461423960 22138662064
49 461500544 22600162608
50 464181912 23064344520
51 461334328 23525678848
52 461208680 23986887528
53 461518824 24448406352
54 459694144 24908100496
55 464438680 25372539176
56 459689792 25832228968
57 461470912 26293699880
58 457818600 26751518480
59 461471136 27212989616
60 458129544 27671119160
61 461456712 28132575872
62 463654432 28596230304
63 461506448 29057736752
64 461419192 29519155944
65 461468352 29980624296
66 466155416 30446779712
67 461537688 30908317400
68 464332280 31372649680
69 461127976 31833777656
70 461466976 32295244632
71 464049840 32759294472
72 461536808 33220831280
73 461436520 33682267800
74 458069600 34140337400
75 461417136 34601754536
76 461642384 35063396920
77 458533280 35521930200
78 461410488 35983340688
79 461453312 36444794000
80 461536408 36906330408
81 461444944 37367775352
82 465081544 37832856896
83 461450032 38294306928
84 459793688 38754100616
85 461544840 39215645456
86 461416768 39677062224
87 464073696 40141135920
88 461426976 40602562896
89 461456544 41064019440
90 463378120 41527397560
91 461500608 41988898168
92 461430792 42450328960
93 461477824 42911806784
94 461499584 43373306368
95 461488504 43834794872
96 461380832 44296175704
97 458088800 44754264504
98 461525840 45215790344
99 461431240 45677221584
1 462435320 462435320
2 464474008 926909328
3 458235320 1385144648
4 461566400 1846711048
5 461755584 2308466632
6 459893256 2768359888
7 460658856 3229018744
8 459941000 3688959744
9 458048504 4147008248
10 458539664 4605547912
11 462234848 5067782760
12 459147632 5526930392
13 460352040 5987282432
14 463598056 6450880488
15 458750328 6909630816
16 460312416 7369943232
17 459398232 7829341464
18 459854048 8289195512
19 459041496 8748237008
20 461745472 9209982480
21 461162056 9671144536
22 460136560 10131281096
23 460203008 10591484104
24 459775424 11051259528
25 458304552 11509564080
26 458423792 11967987872
27 462824744 12430812616
28 459457696 12890270312
29 462682416 13352952728
30 461571760 13814524488
31 461474640 14275999128
32 458083464 14734082592
33 461499256 15195581848
34 463072688 15658654536
35 461433136 16120087672
36 463560408 16583648080
37 461424760 17045072840
38 464207128 17509279968
39 461431936 17970711904
40 461431024 18432142928
41 461459512 18893602440
42 457933240 19351535680
43 464503288 19816038968
44 458539232 20274578200
45 461598856 20736177056
46 461519720 21197696776
47 461444416 21659141192
48 461436848 22120578040
49 461397704 22581975744
50 461535352 23043511096
51 463900800 23507411896
52 462731144 23970143040
53 461468688 24431611728
54 461372464 24892984192
55 465576000 25358560192
56 460569320 25819129512
57 460675064 26279804576
58 459224280 26739028856
59 460518376 27199547232
60 460489960 27660037192
61 460473184 28120510376
62 460840000 28581350376
63 460494288 29041844664
64 460531096 29502375760
65 460524992 29962900752
66 459488728 30422389480
67 456759720 30879149200
68 458313752 31337462952
69 458298600 31795761552
70 458755656 32254517208
71 456404712 32710921920
72 457559016 33168480936
73 456406464 33624887400
74 460555624 34085443024
75 460519520 34545962544
76 460488416 35006450960
77 459889408 35466340368
78 460120968 35926461336
79 460484936 36386946272
80 457446696 36844392968
81 460484960 37304877928
82 460601984 37765479912
83 460516200 38225996112
84 458233384 38684229496
85 460497568 39144727064
86 457570568 39602297632
87 458866848 40061164480
88 457122968 40518287448
89 460502456 40978789904
90 460486656 41439276560
91 460437208 41899713768
92 459216632 42358930400
93 457794560 42816724960
94 458526992 43275251952
95 457101424 43732353376
96 457522768 44189876144
97 457418088 44647294232
98 457984560 45105278792
99 457695120 45562973912
1 459149616 459149616
2 458490040 917639656
3 457076000 1374715656
4 457074576 1831790232
5 456980776 2288771008
6 457033856 2745804864
7 460398208 3206203072
8 460476312 3666679384
9 460480920 4127160304
10 460495432 4587655736
11 456993440 5044649176
12 460501632 5505150808
13 460477064 5965627872
14 460489432 6426117304
15 457523016 6883640320
16 460536440 7344176760
17 460824624 7805001384
18 460496888 8265498272
19 460489544 8725987816
20 457196304 9183184120
21 458742096 9641926216
22 457851088 10099777304
23 460491040 10560268344
24 460516392 11020784736
25 457114656 11477899392
26 457137640 11935037032
27 461458008 12396495040
28 457126080 12853621120
29 462664456 13316285576
30 460503776 13776789352
31 460480256 14237269608
32 460936992 14698206600
33 460529136 15158735736
34 456770912 15615506648
35 462338040 16077844688
36 461503240 16539347928
37 460267464 16999615392
38 463875152 17463490544
39 461428312 17924918856
40 461516488 18386435344
41 464466016 18850901360
42 460119088 19311020448
43 457954304 19768974752
44 464170336 20233145088
45 462058864 20695203952
46 464055400 21159259352
47 461561424 21620820776
48 458270616 22079091392
49 461429320 22540520712
50 464020224 23004540936
51 461520992 23466061928
52 464130584 23930192512
53 463522168 24393714680
54 461448680 24855163360
55 461489048 25316652408
56 461483032 25778135440
57 465570424 26243705864
58 459808384 26703514248
59 461446880 27164961128
60 463907824 27628868952
61 461323888 28090192840
62 463997528 28554190368
63 458454608 29012644976
64 461478424 29474123400
65 462113976 29936237376
66 458607280 30394844656
67 458728864 30853573520
68 460819264 31314392784
69 458720600 31773113384
70 458341296 32231454680
71 458608192 32690062872
72 459828336 33149891208
73 458898824 33608790032
74 465692704 34074482736
75 461427400 34535910136
76 460524072 34996434208
77 461320936 35457755144
78 461514416 35919269560
79 458301656 36377571216
80 464589464 36842160680
81 461140928 37303301608
82 463969008 37767270616
83 463624408 38230895024
84 463490248 38694385272
85 461451408 39155836680
86 457591912 39613428592
87 461472464 40074901056
88 461413576 40536314632
89 461473224 40997787856
90 462451528 41460239384
91 458150680 41918390064
92 461382480 42379772544
93 461421336 42841193880
94 461969816 43303163696
95 461483224 43764646920
96 459996952 44224643872
97 460719880 44685363752
98 461413376 45146777128
99 459753144 45606530272
1 462467904 462467904
2 458508040 920975944
3 461371352 1382347296
4 461387872 1843735168
5 464835888 2308571056
6 462910984 2771482040
7 460875856 3232357896
8 462180928 3694538824
9 458332880 4152871704
10 459891752 4612763456
11 461026992 5073790448
12 460535688 5534326136
13 458557408 5992883544
14 461200608 6454084152
15 462870736 6916954888
16 460197544 7377152432
17 458264320 7835416752
18 459845920 8295262672
19 459903048 8755165720
20 461438152 9216603872
21 458891848 9675495720
22 463453584 10138949304
23 457560728 10596510032
24 462145768 11058655800
25 458701832 11517357632
26 459659080 11977016712
27 459143640 12436160352
28 460406528 12896566880
29 458877224 13355444104
30 459291160 13814735264
31 459399504 14274134768
32 461640000 14735774768
33 458827960 15194602728
34 459454176 15654056904
35 465097552 16119154456
36 459548416 16578702872
37 459189216 17037892088
38 460033376 17497925464
39 458846648 17956772112
40 457927640 18414699752
41 464116416 18878816168
42 461573640 19340389808
43 461460744 19801850552
44 461456680 20263307232
45 461490392 20724797624
46 464223216 21189020840
47 458567944 21647588784
48 461381888 22108970672
49 461455224 22570425896
50 461508608 23031934504
51 462698816 23494633320
52 464221784 23958855104
53 461460976 24420316080
54 465205120 24885521200
55 461445560 25346966760
56 461310640 25808277400
57 461422176 26269699576
58 461864304 26731563880
59 461228432 27192792312
60 461391256 27654183568
61 461537120 28115720688
62 463363664 28579084352
63 457956840 29037041192
64 461409992 29498451184
65 461438816 29959890000
66 458486752 30418376752
67 464189480 30882566232
68 461543272 31344109504
69 461431616 31805541120
70 460705688 32266246808
71 461496976 32727743784
72 460669072 33188412856
73 457982584 33646395440
74 462816344 34109211784
75 463780168 34572991952
76 458237072 35031229024
77 461423592 35492652616
78 461444560 35954097176
79 463852752 36417949928
80 466087840 36884037768
81 462476088 37346513856
82 461404336 37807918192
83 461470072 38269388264
84 461233976 38730622240
85 458112152 39188734392
86 461475904 39650210296
87 461422496 40111632792
88 461511880 40573144672
89 463853312 41036997984
90 461537416 41498535400
91 464750816 41963286216
92 461379040 42424665256
93 463927216 42888592472
94 464210840 43352803312
95 461444288 43814247600
96 461395656 44275643256
97 462849808 44738493064
98 464015000 45202508064
99 461239528 45663747592
1 462408152 462408152
2 461449800 923857952
3 462686288 1386544240
4 461458352 1848002592
5 461574528 2309577120
6 461137480 2770714600
7 461039488 3231754088
8 460421904 3692175992
9 464348136 4156524128
10 460069920 4616594048
11 461145272 5077739320
12 460579776 5538319096
13 460811632 5999130728
14 458744160 6457874888
15 462805152 6920680040
16 459943392 7380623432
17 459218800 7839842232
18 460922488 8300764720
19 457883464 8758648184
20 458303120 9216951304
21 461382744 9678334048
22 460268384 10138602432
23 460187656 10598790088
24 458881120 11057671208
25 464817464 11522488672
26 462610992 11985099664
27 458704144 12443803808
28 459277240 12903081048
29 458171456 13361252504
30 461489344 13822741848
31 463761904 14286503752
32 459683856 14746187608
33 465841816 15212029424
34 461587616 15673617040
35 461483344 16135100384
36 462170728 16597271112
37 458052096 17055323208
38 463596504 17518919712
39 458266144 17977185856
40 463758128 18440943984
41 461429816 18902373800
42 461382384 19363756184
43 460285424 19824041608
44 461464472 20285506080
45 462478480 20747984560
46 460434992 21208419552
47 459695336 21668114888
48 457361840 22125476728
49 461440880 22586917608
50 461430648 23048348256
51 457940800 23506289056
52 463790200 23970079256
53 462425952 24432505208
54 458665544 24891170752
55 461461688 25352632440
56 463297688 25815930128
57 461434408 26277364536
58 462122528 26739487064
59 461412208 27200899272
60 461464136 27662363408
61 460105264 28122468672
62 464378960 28586847632
63 461454856 29048302488
64 462735680 29511038168
65 461659120 29972697288
66 459241488 30431938776
67 461109440 30893048216
68 461414704 31354462920
69 466763096 31821226016
70 459110680 32280336696
71 460613080 32740949776
72 461263488 33202213264
73 459104232 33661317496
74 458332432 34119649928
75 462249080 34581899008
76 458276920 35040175928
77 461713024 35501888952
78 457865680 35959754632
79 458488896 36418243528
80 459113232 36877356760
81 459572856 37336929616
82 458697984 37795627600
83 462489776 38258117376
84 461197936 38719315312
85 460353496 39179668808
86 461529064 39641197872
87 462510648 40103708520
88 461398680 40565107200
89 461348664 41026455864
90 461419952 41487875816
91 461519104 41949394920
92 461482768 42410877688
93 461034456 42871912144
94 461434984 43333347128
95 461427304 43794774432
96 461559592 44256334024
97 463648320 44719982344
98 461487192 45181469536
99 464607688 45646077224
1 460698040 460698040
2 464715840 925413880
3 463391096 1388804976
4 464897888 1853702864
5 463515720 2317218584
6 458455408 2775673992
7 460549472 3236223464
8 459341080 3695564544
9 462534184 4158098728
10 459366096 4617464824
11 460459576 5077924400
12 459016648 5536941048
13 460380336 5997321384
14 458067736 6455389120
15 468625408 6924014528
16 461255864 7385270392
17 459693696 7844964088
18 460704272 8305668360
19 462638512 8768306872
20 461692056 9229998928
21 460038584 9690037512
22 458959136 10148996648
23 463400872 10612397520
24 460637184 11073034704
25 463456264 11536490968
26 460932512 11997423480
27 461980224 12459403704
28 459910624 12919314328
29 461248768 13380563096
30 465007376 13845570472
31 459530776 14305101248
32 461422744 14766523992
33 461227016 15227751008
34 464198456 15691949464
35 463923000 16155872464
36 463869192 16619741656
37 463842120 17083583776
38 458447416 17542031192
39 461401848 18003433040
40 463632464 18467065504
41 460001904 18927067408
42 464097968 19391165376
43 461497256 19852662632
44 459938296 20312600928
45 461460192 20774061120
46 463509544 21237570664
47 461457584 21699028248
48 461467368 22160495616
49 461389560 22621885176
50 464684960 23086570136
51 461476816 23548046952
52 463415968 24011462920
53 464008528 24475471448
54 461472200 24936943648
55 464698888 25401642536
56 461471864 25863114400
57 461976776 26325091176
58 461425024 26786516200
59 468707352 27255223552
60 461428704 27716652256
61 461456888 28178109144
62 462795760 28640904904
63 458051912 29098956816
64 458014056 29556970872
65 461457464 30018428336
66 461253592 30479681928
67 459742952 30939424880
68 460099984 31399524864
69 461441784 31860966648
70 459062824 32320029472
71 464236416 32784265888
72 461754104 33246019992
73 463155840 33709175832
74 461496872 34170672704
75 463798984 34634471688
76 457959976 35092431664
77 461491560 35553923224
78 461461920 36015385144
79 461486080 36476871224
80 461465496 36938336720
81 461436776 37399773496
82 461380200 37861153696
83 460696664 38321850360
84 461478384 38783328744
85 464276000 39247604744
86 461453944 39709058688
87 461442872 40170501560
88 461452112 40631953672
89 461533288 41093486960
90 462480784 41555967744
91 463810488 42019778232
92 461159464 42480937696
93 465339040 42946276736
94 457841600 43404118336
95 464340072 43868458408
96 461322664 44329781072
97 464406752 44794187824
98 461550192 45255738016
99 461445016 45717183032
1 462473656 462473656
2 461447048 923920704
3 461482216 1385402920
4 463040032 1848442952
5 462494424 2310937376
6 461295360 2772232736
7 460275240 3232507976
8 458570720 3691078696
9 461632744 4152711440
10 459222232 4611933672
11 461752480 5073686152
12 462658424 5536344576
13 459734968 5996079544
14 460651040 6456730584
15 460974584 6917705168
16 460952232 7378657400
17 458513160 7837170560
18 458527904 8295698464
19 461184512 8756882976
20 461237832 9218120808
21 463651896 9681772704
22 460553424 10142326128
23 458713024 10601039152
24 457705768 11058744920
25 460276424 11519021344
26 459449240 11978470584
27 461932376 12440402960
28 459816312 12900219272
29 463909720 13364128992
30 461459712 13825588704
31 461382856 14286971560
32 460535168 14747506728
33 464226304 15211733032
34 458038424 15669771456
35 461507952 16131279408
36 461432136 16592711544
37 463801088 17056512632
38 462756432 17519269064
39 461380344 17980649408
40 458039264 18438688672
41 461491680 18900180352
42 464065192 19364245544
43 462753616 19826999160
44 462388568 20289387728
45 462949048 20752336776
46 463703952 21216040728
47 457965688 21674006416
48 459083512 22133089928
49 461197064 22594286992
50 463381056 23057668048
51 458029296 23515697344
52 464017256 23979714600
53 461195984 24440910584
54 463737904 24904648488
55 461382816 25366031304
56 461418432 25827449736
57 461443568 26288893304
58 458682120 26747575424
59 461466176 27209041600
60 463854808 27672896408
61 461432936 28134329344
62 461465976 28595795320
63 459873584 29055668904
64 463707168 29519376072
65 463711200 29983087272
66 462536680 30445623952
67 464175336 30909799288
68 461392640 31371191928
69 464458104 31835650032
70 461456792 32297106824
71 461399064 32758505888
72 457517016 33216022904
73 465194408 33681217312
74 461552008 34142769320
75 463552088 34606321408
76 461399472 35067720880
77 463656048 35531376928
78 458058160 35989435088
79 464444648 36453879736
80 461460912 36915340648
81 461576312 37376916960
82 461518072 37838435032
83 461444992 38299880024
84 461479824 38761359848
85 461459544 39222819392
86 461453088 39684272480
87 464291992 40148564472
88 460659592 40609224064
89 464826360 41074050424
90 461546616 41535597040
91 461391816 41996988856
92 461421336 42458410192
93 462589168 42920999360
94 461532776 43382532136
95 463302624 43845834760
96 461451128 44307285888
97 463931952 44771217840
98 461416512 45232634352
99 459018608 45691652960
1 460208008 460208008
2 460261136 920469144
3 461414152 1381883296
4 461427208 1843310504
5 461553976 2304864480
6 461326688 2766191168
7 461212680 3227403848
8 459727584 3687131432
9 459252960 4146384392
10 460314912 4606699304
11 458440944 5065140248
12 461818248 5526958496
13 458400296 5985358792
14 461693024 6447051816
15 462633488 6909685304
16 463803264 7373488568
17 459749664 7833238232
18 460234544 8293472776
19 457553280 8751026056
20 461278256 9212304312
21 460809544 9673113856
22 457735544 10130849400
23 459363880 10590213280
24 461950256 11052163536
25 460990400 11513153936
26 463495000 11976648936
27 459639392 12436288328
28 465183528 12901471856
29 461491840 13362963696
30 464697136 13827660832
31 461481728 14289142560
32 461742656 14750885216
33 460144768 15211029984
34 460586856 15671616840
35 458702328 16130319168
36 461474352 16591793520
37 461594472 17053387992
38 465172120 17518560112
39 457836056 17976396168
40 458115944 18434512112
41 457518512 18892030624
42 456795424 19348826048
43 456665496 19805491544
44 460481520 20265973064
45 460499728 20726472792
46 460509848 21186982640
47 460526592 21647509232
48 459554320 22107063552
49 459831704 22566895256
50 460517008 23027412264
51 460532808 23487945072
52 460803448 23948748520
53 459703872 24408452392
54 460503760 24868956152
55 460510528 25329466680
56 460522576 25789989256
57 461058872 26251048128
58 460487648 26711535776
59 457143288 27168679064
60 458882040 27627561104
61 460490248 28088051352
62 460734408 28548785760
63 457979872 29006765632
64 457541648 29464307280
65 456639912 29920947192
66 457411504 30378358696
67 456975080 30835333776
68 457790784 31293124560
69 456451048 31749575608
70 457840440 32207416048
71 459222592 32666638640
72 461266768 33127905408
73 461484632 33589390040
74 461573304 34050963344
75 459792248 34510755592
76 461471208 34972226800
77 460878208 35433105008
78 463682744 35896787752
79 461497272 36358285024
80 461432888 36819717912
81 461135464 37280853376
82 461439592 37742292968
83 464869336 38207162304
84 458758224 38665920528
85 460504696 39126425224
86 457180144 39583605368
87 458442072 40042047440
88 460524368 40502571808
89 457772080 40960343888
90 459480472 41419824360
91 460546776 41880371136
92 460623088 42340994224
93 460422496 42801416720
94 460591712 43262008432
95 461442944 43723451376
96 461445776 44184897152
97 462004152 44646901304
98 458956808 45105858112
99 461471176 45567329288
1 460852488 460852488
2 461472656 922325144
3 458243304 1380568448
4 461265560 1841834008
5 460351960 2302185968
6 460035416 2762221384
7 463928944 3226150328
8 459653160 3685803488
9 459937384 4145740872
10 458377728 4604118600
11 458796040 5062914640
12 461687256 5524601896
13 460903288 5985505184
14 461547360 6447052544
15 461238104 6908290648
16 458276368 7366567016
17 460595728 7827162744
18 461986704 8289149448
19 457833544 8746982992
20 459832968 9206815960
21 463584256 9670400216
22 460299112 10130699328
23 459934720 10590634048
24 461865808 11052499856
25 461909128 11514408984
26 461436728 11975845712
27 457616096 12433461808
28 464477992 12897939800
29 458857400 13356797200
30 459915408 13816712608
31 460206760 14276919368
32 460903528 14737822896
33 459231200 15197054096
34 456400944 15653455040
35 457836768 16111291808
36 459822328 16571114136
37 458837752 17029951888
38 463379792 17493331680
39 460497120 17953828800
40 460504704 18414333504
41 464888120 18879221624
42 458100304 19337321928
43 461450680 19798772608
44 463396480 20262169088
45 461493480 20723662568
46 462133872 21185796440
47 461450368 21647246808
48 464065808 22111312616
49 458820168 22570132784
50 461529424 23031662208
51 457982248 23489644456
52 461442136 23951086592
53 463851008 24414937600
54 463498120 24878435720
55 461573864 25340009584
56 461702048 25801711632
57 461297744 26263009376
58 464111288 26727120664
59 457959536 27185080200
60 464056192 27649136392
61 458125616 28107262008
62 461488784 28568750792
63 461817312 29030568104
64 460033264 29490601368
65 458063808 29948665176
66 457890704 30406555880
67 457901576 30864457456
68 459246880 31323704336
69 461902720 31785607056
70 461372776 32246979832
71 459368952 32706348784
72 461489672 33167838456
73 462449520 33630287976
74 460513136 34090801112
75 460446960 34551248072
76 459332704 35010580776
77 458936824 35469517600
78 460548616 35930066216
79 456968112 36387034328
80 460508784 36847543112
81 460519344 37308062456
82 461127624 37769190080
83 460496216 38229686296
84 460501296 38690187592
85 460483320 39150670912
86 460503896 39611174808
87 460722432 40071897240
88 461485912 40533383152
89 461510200 40994893352
90 459753136 41454646488
91 461469568 41916116056
92 461496136 42377612192
93 461422440 42839034632
94 460544984 43299579616
95 461482856 43761062472
96 463744880 44224807352
97 461368808 44686176160
98 463289248 45149465408
99 461536200 45611001608
1 462439456 462439456
2 461630688 924070144
3 461451936 1385522080
4 459441784 1844963864
5 459933312 2304897176
6 461512160 2766409336
7 462257088 3228666424
8 460320616 3688987040
9 459965256 4148952296
10 459435464 4608387760
11 464961168 5073348928
12 463512056 5536860984
13 460326672 5997187656
14 460384176 6457571832
15 460028912 6917600744
16 462664064 7380264808
17 457770376 7838035184
18 465696480 8303731664
19 461208480 8764940144
20 463809888 9228750032
21 461248912 9689998944
22 464208616 10154207560
23 458203096 10612410656
24 459674440 11072085096
25 459330664 11531415760
26 460952296 11992368056
27 463664416 12456032472
28 460291600 12916324072
29 463775208 13380099280
30 461443368 13841542648
31 461439696 14302982344
32 461467504 14764449848
33 461349296 15225799144
34 465143848 15690942992
35 464035112 16154978104
36 457970584 16612948688
37 464508120 17077456808
38 459720968 17537177776
39 463683968 18000861744
40 457397320 18458259064
41 463505432 18921764496
42 461467288 19383231784
43 463878440 19847110224
44 460209840 20307320064
45 461392344 20768712408
46 461460480 21230172888
47 463786240 21693959128
48 464370904 22158330032
49 461430712 22619760744
50 460764752 23080525496
51 463808784 23544334280
52 458109928 24002444208
53 464170432 24466614640
54 458416368 24925031008
55 457996736 25383027744
56 459875864 25842903608
57 464096184 26306999792
58 463546096 26770545888
59 461459344 27232005232
60 463221048 27695226280
61 461555096 28156781376
62 465223248 28622004624
63 461460424 29083465048
64 463403680 29546868728
65 461455584 30008324312
66 463238080 30471562392
67 460492928 30932055320
68 464628160 31396683480
69 461220192 31857903672
70 461557664 32319461336
71 460439808 32779901144
72 464523200 33244424344
73 461464992 33705889336
74 462431888 34168321224
75 459864032 34628185256
76 461553272 35089738528
77 461466288 35551204816
78 458117368 36009322184
79 461502984 36470825168
80 461441376 36932266544
81 461513280 37393779824
82 463218192 37856998016
83 461860248 38318858264
84 460116648 38778974912
85 461467744 39240442656
86 463849696 39704292352
87 461532944 40165825296
88 464070984 40629896280
89 457765448 41087661728
90 463272192 41550933920
91 461447592 42012381512
92 461814752 42474196264
93 461405632 42935601896
94 460502288 43396104184
95 461448032 43857552216
96 461011336 44318563552
97 464206648 44782770200
98 458069808 45240840008
99 461381160 45702221168
1 461317848 461317848
2 458505536 919823384
3 461996232 1381819616
4 457633176 1839452792
5 461258656 2300711448
6 460848296 2761559744
7 457892000 3219451744
8 460648888 3680100632
9 460023720 4140124352
10 458338744 4598463096
11 460506920 5058970016
12 458832216 5517802232
13 460732992 5978535224
14 460766120 6439301344
15 461781576 6901082920
16 461388176 7362471096
17 459620248 7822091344
18 460316688 8282408032
19 463540072 8745948104
20 460385920 9206334024
21 461558328 9667892352
22 458336608 10126228960
23 460577152 10586806112
24 459344640 11046150752
25 460180056 11506330808
26 459684304 11966015112
27 463063128 12429078240
28 458662632 12887740872
29 459680072 13347420944
30 458178560 13805599504
31 458090688 14263690192
32 461397048 14725087240
33 461434952 15186522192
34 461410088 15647932280
35 463461880 16111394160
36 461424144 16572818304
37 463452560 17036270864
38 461425560 17497696424
39 459255208 17956951632
40 462729872 18419681504
41 457410640 18877092144
42 458026264 19335118408
43 461393856 19796512264
44 461489776 20258002040
45 463714504 20721716544
46 461409480 21183126024
47 460100560 21643226584
48 461548016 22104774600
49 461425744 22566200344
50 461458488 23027658832
51 463705960 23491364792
52 466068832 23957433624
53 458089576 24415523200
54 461255272 24876778472
55 461441224 25338219696
56 461494976 25799714672
57 463999576 26263714248
58 461419336 26725133584
59 464636064 27189769648
60 461245520 27651015168
61 463705384 28114720552
62 461511912 28576232464
63 465248096 29041480560
64 461435464 29502916024
65 463754456 29966670480
66 463689096 30430359576
67 461474624 30891834200
68 461442928 31353277128
69 461494320 31814771448
70 464054424 32278825872
71 458500184 32737326056
72 461395784 33198721840
73 461557024 33660278864
74 463616536 34123895400
75 458215752 34582111152
76 463902992 35046014144
77 458568736 35504582880
78 463568376 35968151256
79 463060504 36431211760
80 461423168 36892634928
81 461120144 37353755072
82 461459520 37815214592
83 463781144 38278995736
84 464496736 38743492472
85 459106336 39202598808
86 464015856 39666614664
87 463713096 40130327760
88 458412968 40588740728
89 463567816 41052308544
90 461510000 41513818544
91 461168704 41974987248
92 460507352 42435494600
93 461498952 42896993552
94 461400040 43358393592
95 461163704 43819557296
96 463768240 44283325536
97 460812792 44744138328
98 461431984 45205570312
99 462164328 45667734640
1 462442792 462442792
2 463997448 926440240
3 461498392 1387938632
4 463632904 1851571536
5 463732336 2315303872
6 460315152 2775619024
7 461821104 3237440128
8 458140808 3695580936
9 461037032 4156617968
10 461079344 4617697312
11 462511536 5080208848
12 459379992 5539588840
13 460952064 6000540904
14 458436368 6458977272
15 463442024 6922419296
16 459954728 7382374024
17 461603168 7843977192
18 458342344 8302319536
19 463040216 8765359752
20 464004904 9229364656
21 459586064 9688950720
22 460145344 10149096064
23 458824600 10607920664
24 458325080 11066245744
25 457812320 11524058064
26 459387080 11983445144
27 460641712 12444086856
28 461684672 12905771528
29 463757880 13369529408
30 461649488 13831178896
31 460484408 14291663304
32 459087448 14750750752
33 460225776 15210976528
34 459926968 15670903496
35 463828472 16134731968
36 458336136 16593068104
37 461384976 17054453080
38 457957624 17512410704
39 461125672 17973536376
40 460302648 18433839024
41 459886008 18893725032
42 464886424 19358611456
43 458031520 19816642976
44 459179848 20275822824
45 462288992 20738111816
46 459916248 21198028064
47 460305560 21658333624
48 459899616 22118233240
49 461811768 22580045008
50 458924376 23038969384
51 458527528 23497496912
52 458120536 23955617448
53 462212320 24417829768
54 464636320 24882466088
55 464333816 25346799904
56 462879616 25809679520
57 461412160 26271091680
58 461626200 26732717880
59 463795248 27196513128
60 461408312 27657921440
61 460834016 28118755456
62 457913640 28576669096
63 464461736 29041130832
64 458184296 29499315128
65 464760032 29964075160
66 458096440 30422171600
67 463649624 30885821224
68 461542424 31347363648
69 463807920 31811171568
70 458215568 32269387136
71 461554096 32730941232
72 461547376 33192488608
73 461396352 33653884960
74 463930920 34117815880
75 458603496 34576419376
76 459997728 35036417104
77 460761160 35497178264
78 462498032 35959676296
79 464567264 36424243560
80 460890728 36885134288
81 460291440 37345425728
82 460208984 37805634712
83 461705416 38267340128
84 458493240 38725833368
85 460504600 39186337968
86 465689496 39652027464
87 461670288 40113697752
88 460467528 40574165280
89 457682032 41031847312
90 463845752 41495693064
91 457785776 41953478840
92 457605728 42411084568
93 459360272 42870444840
94 461899648 43332344488
95 460230280 43792574768
96 464059056 44256633824
97 461525648 44718159472
98 463036984 45181196456
99 461491968 45642688424
1 462454496 462454496
2 461459392 923913888
3 462695344 1386609232
4 464383688 1850992920
5 458225592 2309218512
6 464317864 2773536376
7 460095024 3233631400
8 461547040 3695178440
9 460742544 4155920984
10 463062976 4618983960
11 459191528 5078175488
12 460272448 5538447936
13 458287720 5996735656
14 458431096 6455166752
15 459963880 6915130632
16 461612752 7376743384
17 457956472 7834699856
18 459153824 8293853680
19 461570544 8755424224
20 463134504 9218558728
21 458672632 9677231360
22 458894176 10136125536
23 460866032 10596991568
24 459286000 11056277568
25 457851560 11514129128
26 461480784 11975609912
27 459675264 12435285176
28 459076672 12894361848
29 461251768 13355613616
30 461398352 13817011968
31 464335256 14281347224
32 458551536 14739898760
33 463463176 15203361936
34 461583968 15664945904
35 461493680 16126439584
36 461448176 16587887760
37 461209472 17049097232
38 463533400 17512630632
39 464276752 17976907384
40 457799136 18434706520
41 464694264 18899400784
42 461419312 19360820096
43 460801768 19821621864
44 458222472 20279844336
45 464530952 20744375288
46 461506456 21205881744
47 461455000 21667336744
48 461476616 22128813360
49 461486208 22590299568
50 461380904 23051680472
51 462357000 23514037472
52 461479328 23975516800
53 463858912 24439375712
54 461503528 24900879240
55 463594976 25364474216
56 461447728 25825921944
57 464165672 26290087616
58 461552424 26751640040
59 462858768 27214498808
60 461291456 27675790264
61 463753224 28139543488
62 461507216 28601050704
63 461500856 29062551560
64 461375176 29523926736
65 462073328 29986000064
66 461483632 30447483696
67 464473616 30911957312
68 460414728 31372372040
69 461807088 31834179128
70 457879032 32292058160
71 458897280 32750955440
72 459092448 33210047888
73 460109560 33670157448
74 458752560 34128910008
75 459856072 34588766080
76 463368312 35052134392
77 460372616 35512507008
78 458851752 35971358760
79 461549544 36432908304
80 460881144 36893789448
81 461616384 37355405832
82 461839760 37817245592
83 457595360 38274840952
84 458554040 38733394992
85 461344632 39194739624
86 460351024 39655090648
87 459024232 40114114880
88 461577784 40575692664
89 458405704 41034098368
90 463032736 41497131104
91 461543240 41958674344
92 463452312 42422126656
93 461437528 42883564184
94 461435216 43344999400
95 463786416 43808785816
96 463506960 44272292776
97 461588344 44733881120
98 464983912 45198865032
99 458782344 45657647376
1 462450400 462450400
2 461483712 923934112
3 461456776 1385390888
4 461471864 1846862752
5 459257664 2306120416
6 458494472 2764614888
7 463025680 3227640568
8 461113536 3688754104
9 462613376 4151367480
10 461405056 4612772536
11 458000672 5070773208
12 463159560 5533932768
13 459574352 5993507120
14 463090080 6456597200
15 463339936 6919937136
16 460760144 7380697280
17 458627296 7839324576
18 460041264 8299365840
19 458244672 8757610512
20 461408600 9219019112
21 465393048 9684412160
22 463365552 10147777712
23 460359760 10608137472
24 464339760 11072477232
25 461440392 11533917624
26 460767120 11994684744
27 461515472 12456200216
28 463359840 12919560056
29 461495960 13381056016
30 464604640 13845660656
31 464141680 14309802336
32 465115568 14774917904
33 463585944 15238503848
34 461435240 15699939088
35 459690552 16159629640
36 461452888 16621082528
37 463734800 17084817328
38 461412728 17546230056
39 463445080 18009675136
40 461435248 18471110384
41 460952584 18932062968
42 461441608 19393504576
43 459146152 19852650728
44 464820336 20317471064
45 461412360 20778883424
46 461514400 21240397824
47 463893280 21704291104
48 461458296 22165749400
49 461422192 22627171592
50 458708976 23085880568
51 461432856 23547313424
52 464013648 24011327072
53 461418864 24472745936
54 461696288 24934442224
55 462632544 25397074768
56 461518984 25858593752
57 460282088 26318875840
58 466923536 26785799376
59 461511632 27247311008
60 461761288 27709072296
61 461616224 28170688520
62 463956400 28634644920
63 461460792 29096105712
64 461493336 29557599048
65 463811224 30021410272
66 464314312 30485724584
67 461411248 30947135832
68 461556352 31408692184
69 461463816 31870156000
70 458121240 32328277240
71 461552664 32789829904
72 461437992 33251267896
73 461421960 33712689856
74 464262880 34176952736
75 462506416 34639459152
76 463575704 35103034856
77 464592064 35567626920
78 464228112 36031855032
79 458161200 36490016232
80 464007016 36954023248
81 461439000 37415462248
82 464294160 37879756408
83 461398968 38341155376
84 462849376 38804004752
85 461514544 39265519296
86 459645320 39725164616
87 463672888 40188837504
88 462876592 40651714096
89 461510200 41113224296
90 461398160 41574622456
91 459637592 42034260048
92 457458088 42491718136
93 461490472 42953208608
94 460706976 43413915584
95 459893760 43873809344
96 461503944 44335313288
97 461476088 44796789376
98 462628576 45259417952
99 461457680 45720875632
1 458338392 458338392
2 464021712 922360104
3 464958064 1387318168
4 461567992 1848886160
5 464116152 2313002312
6 457875800 2770878112
7 462948392 3233826504
8 457880936 3691707440
9 462927768 4154635208
10 466405056 4621040264
11 461258304 5082298568
12 458465616 5540764184
13 458622568 5999386752
14 461245728 6460632480
15 457596736 6918229216
16 458751024 7376980240
17 463048840 7840029080
18 458379328 8298408408
19 460364544 8758772952
20 461668936 9220441888
21 459933560 9680375448
22 458518992 10138894440
23 460069416 10598963856
24 461696784 11060660640
25 462031400 11522692040
26 463586312 11986278352
27 458111336 12444389688
28 457747560 12902137248
29 461434208 13363571456
30 463548712 13827120168
31 461439000 14288559168
32 460097032 14748656200
33 461505304 15210161504
34 463520760 15673682264
35 459289744 16132972008
36 464798144 16597770152
37 461567672 17059337824
38 461570320 17520908144
39 461366192 17982274336
40 461652280 18443926616
41 461605752 18905532368
42 463751392 19369283760
43 463877344 19833161104
44 461274312 20294435416
45 461595480 20756030896
46 463672264 21219703160
47 461494848 21681198008
48 465162040 22146360048
49 458810944 22605170992
50 462483048 23067654040
51 461516344 23529170384
52 461414664 23990585048
53 464005048 24454590096
54 459710600 24914300696
55 468835760 25383136456
56 461464056 25844600512
57 461431416 26306031928
58 461454384 26767486312
59 464030600 27231516912
60 461504896 27693021808
61 458132688 28151154496
62 461482472 28612636968
63 461436536 29074073504
64 461400712 29535474216
65 463355536 29998829752
66 461452368 30460282120
67 464363568 30924645688
68 460694112 31385339800
69 461453032 31846792832
70 461434536 32308227368
71 461949752 32770177120
72 464623624 33234800744
73 461465520 33696266264
74 460779416 34157045680
75 461473968 34618519648
76 463539728 35082059376
77 461454416 35543513792
78 461535120 36005048912
79 461469960 36466518872
80 461488504 36928007376
81 463679440 37391686816
82 461426152 37853112968
83 461381144 38314494112
84 463631400 38778125512
85 461426888 39239552400
86 461506400 39701058800
87 461525072 40162583872
88 463825768 40626409640
89 461504280 41087913920
90 461394376 41549308296
91 461440032 42010748328
92 461421088 42472169416
93 461504320 42933673736
94 465162136 43398835872
95 463965400 43862801272
96 461526912 44324328184
97 463631888 44787960072
98 461479440 45249439512
99 463101264 45712540776
1 462425560 462425560
2 461518072 923943632
3 460047664 1383991296
4 464530296 1848521592
5 462458000 2310979592
6 459632400 2770611992
7 460280056 3230892048
8 458868144 3689760192
9 461408296 4151168488
10 461111216 4612279704
11 460418688 5072698392
12 458899272 5531597664
13 457642080 5989239744
14 458660440 6447900184
15 460245488 6908145672
16 460628000 7368773672
17 461361816 7830135488
18 459237992 8289373480
19 461685160 8751058640
20 464273176 9215331816
21 459920624 9675252440
22 458762576 10134015016
23 458950624 10592965640
24 460852184 11053817824
25 459654960 11513472784
26 459183104 11972655888
27 460275624 12432931512
28 463524328 12896455840
29 461436720 13357892560
30 464004712 13821897272
31 464018464 14285915736
32 461182504 14747098240
33 461532248 15208630488
34 463452048 15672082536
35 461477760 16133560296
36 464104624 16597664920
37 461489272 17059154192
38 462357336 17521511528
39 462646064 17984157592
40 464217976 18448375568
41 463752600 18912128168
42 464752872 19376881040
43 460655312 19837536352
44 468199680 20305736032
45 461505392 20767241424
46 463318912 21230560336
47 461442400 21692002736
48 461394376 22153397112
49 461487816 22614884928
50 461457928 23076342856
51 461524808 23537867664
52 464061632 24001929296
53 462737232 24464666528
54 464359000 24929025528
55 461477616 25390503144
56 463398216 25853901360
57 461432216 26315333576
58 463527792 26778861368
59 461469472 27240330840
60 463711048 27704041888
61 461516968 28165558856
62 461458056 28627016912
63 461498696 29088515608
64 461474528 29549990136
65 461454896 30011445032
66 464098512 30475543544
67 461383008 30936926552
68 463383264 31400309816
69 461529544 31861839360
70 464180576 32326019936
71 460590520 32786610456
72 462455304 33249065760
73 461476736 33710542496
74 464412800 34174955296
75 462037720 34636993016
76 464953544 35101946560
77 461565000 35563511560
78 461546048 36025057608
79 461560080 36486617688
80 461445272 36948062960
81 464787688 37412850648
82 461479024 37874329672
83 461451632 38335781304
84 463516560 38799297864
85 461787872 39261085736
86 461475632 39722561368
87 459761664 40182323032
88 460415032 40642738064
89 464996688 41107734752
90 459528808 41567263560
91 460502368 42027765928
92 460547920 42488313848
93 460526824 42948840672
94 460503624 43409344296
95 457787264 43867131560
96 460585952 44327717512
97 462418632 44790136144
98 460489592 45250625736
99 464738128 45715363864
1 460660664 460660664
2 461555136 922215800
3 461459864 1383675664
4 464035480 1847711144
5 461650976 2309362120
6 462504288 2771866408
7 459614680 3231481088
8 458658832 3690139920
9 460991776 4151131696
10 458811368 4609943064
11 461684072 5071627136
12 460354800 5531981936
13 463278912 5995260848
14 459321952 6454582800
15 463522808 6918105608
16 460010144 7378115752
17 460454936 7838570688
18 461452904 8300023592
19 460621864 8760645456
20 460938024 9221583480
21 460653544 9682237024
22 462112592 10144349616
23 459926576 10604276192
24 461079888 11065356080
25 460321088 11525677168
26 461259984 11986937152
27 460508760 12447445912
28 466210848 12913656760
29 463094776 13376751536
30 463886472 13840638008
31 463548152 14304186160
32 461475232 14765661392
33 463184312 15228845704
34 462195576 15691041280
35 463925680 16154966960
36 461474088 16616441048
37 461446856 17077887904
38 464080576 17541968480
39 463620128 18005588608
40 463698968 18469287576
41 463947656 18933235232
42 463766048 19397001280
43 461528184 19858529464
44 461421248 20319950712
45 464342832 20784293544
46 464044456 21248338000
47 461702936 21710040936
48 457908176 22167949112
49 464289736 22632238848
50 462406064 23094644912
51 461434072 23556078984
52 461491000 24017569984
53 461424512 24478994496
54 461457688 24940452184
55 463498592 25403950776
56 461473144 25865423920
57 461423912 26326847832
58 461391912 26788239744
59 461457320 27249697064
60 458613256 27708310320
61 461556784 28169867104
62 464407496 28634274600
63 463445480 29097720080
64 461419632 29559139712
65 461485512 30020625224
66 459829592 30480454816
67 461447200 30941902016
68 461878680 31403780696
69 460084656 31863865352
70 464047976 32327913328
71 463637864 32791551192
72 461579672 33253130864
73 461431856 33714562720
74 461435704 34175998424
75 461420336 34637418760
76 461443520 35098862280
77 461543384 35560405664
78 467434144 36027839808
79 463053608 36490893416
80 461427888 36952321304
81 463873016 37416194320
82 461471208 37877665528
83 461841480 38339507008
84 463092768 38802599776
85 461498872 39264098648
86 463480336 39727578984
87 458167928 40185746912
88 461451808 40647198720
89 463747064 41110945784
90 465314224 41576260008
91 461436080 42037696088
92 463009264 42500705352
93 464171336 42964876688
94 461491808 43426368496
95 461426888 43887795384
96 461474632 44349270016
97 461546672 44810816688
98 461467960 45272284648
99 464088984 45736373632
1 458848664 458848664
2 463903792 922752456
3 459891280 1382643736
4 464840936 1847484672
5 463781160 2311265832
6 460575160 2771840992
7 458987848 3230828840
8 460008680 3690837520
9 461061800 4151899320
10 459612568 4611511888
11 458111672 5069623560
12 459676240 5529299800
13 461386936 5990686736
14 463756336 6454443072
15 461660712 6916103784
16 463163088 7379266872
17 461639288 7840906160
18 460288464 8301194624
19 460574784 8761769408
20 462457144 9224226552
21 458426000 9682652552
22 461522624 10144175176
23 457679024 10601854200
24 464363856 11066218056
25 462613128 11528831184
26 459710680 11988541864
27 460231872 12448773736
28 460231608 12909005344
29 461389984 13370395328
30 463986528 13834381856
31 458469696 14292851552
32 461435416 14754286968
33 461464368 15215751336
34 459480248 15675231584
35 463850136 16139081720
36 463848816 16602930536
37 457761880 17060692416
38 458093064 17518785480
39 460796520 17979582000
40 461477264 18441059264
41 458422360 18899481624
42 461389688 19360871312
43 461493344 19822364656
44 457527760 20279892416
45 461414392 20741306808
46 461385320 21202692128
47 461390432 21664082560
48 463790216 22127872776
49 461520384 22589393160
50 461500112 23050893272
51 461414728 23512308000
52 461456392 23973764392
53 461456192 24435220584
54 459154808 24894375392
55 461466896 25355842288
56 461477568 25817319856
57 461730336 26279050192
58 464004696 26743054888
59 461451696 27204506584
60 461470688 27665977272
61 457336296 28123313568
62 466398784 28589712352
63 459982440 29049694792
64 461441960 29511136752
65 463672080 29974808832
66 458193992 30433002824
67 461442816 30894445640
68 466142088 31360587728
69 460512704 31821100432
70 460525456 32281625888
71 460548960 32742174848
72 458458912 33200633760
73 457375528 33658009288
74 460539640 34118548928
75 460529840 34579078768
76 462671040 35041749808
77 457052448 35498802256
78 458806216 35957608472
79 460511384 36418119856
80 460292360 36878412216
81 460408760 37338820976
82 460664912 37799485888
83 460501136 38259987024
84 456649792 38716636816
85 461624616 39178261432
86 460493360 39638754792
87 460846616 40099601408
88 460511520 40560112928
89 460484360 41020597288
90 460518872 41481116160
91 460487936 41941604096
92 460506336 42402110432
93 459391944 42861502376
94 460273760 43321776136
95 460484032 43782260168
96 460498232 44242758400
97 463531856 44706290256
98 460499928 45166790184
99 460481504 45627271688
1 462449584 462449584
2 460510776 922960360
3 457146840 1380107200
4 460496712 1840603912
5 460555048 2301158960
6 463501328 2764660288
7 460527464 3225187752
8 460150384 3685338136
9 457811744 4143149880
10 456429480 4599579360
11 456609504 5056188864
12 457128376 5513317240
13 457851344 5971168584
14 457248592 6428417176
15 458534008 6886951184
16 457136512 7344087696
17 458521304 7802609000
18 460520696 8263129696
19 460490296 8723619992
20 460484096 9184104088
21 460487984 9644592072
22 460636352 10105228424
23 460483296 10565711720
24 460506728 11026218448
25 460514000 11486732448
26 460518512 11947250960
27 460492160 12407743120
28 460315152 12868058272
29 456592560 13324650832
30 460491344 13785142176
31 461550624 14246692800
32 460900472 14707593272
33 458119176 15165712448
34 460289832 15626002280
35 458833880 16084836160
36 460483656 16545319816
37 460644360 17005964176
38 460513024 17466477200
39 460481232 17926958432
40 460486608 18387445040
41 460482904 18847927944
42 460295848 19308223792
43 460537288 19768761080
44 457011912 20225772992
45 462865904 20688638896
46 462425328 21151064224
47 461552912 21612617136
48 463929296 22076546432
49 461391312 22537937744
50 461486632 22999424376
51 458203384 23457627760
52 460796328 23918424088
53 461430416 24379854504
54 461559744 24841414248
55 458046952 25299461200
56 461459608 25760920808
57 462008832 26222929640
58 466297064 26689226704
59 458284240 27147510944
60 461526648 27609037592
61 463641616 28072679208
62 460571840 28533251048
63 462126400 28995377448
64 457838688 29453216136
65 457466184 29910682320
66 458599976 30369282296
67 461161344 30830443640
68 460792304 31291235944
69 459342752 31750578696
70 458583856 32209162552
71 457665304 32666827856
72 457889232 33124717088
73 459335000 33584052088
74 463072864 34047124952
75 463983480 34511108432
76 461519144 34972627576
77 461347824 35433975400
78 461444136 35895419536
79 458033616 36353453152
80 461445600 36814898752
81 461582144 37276480896
82 457325520 37733806416
83 461909120 38195715536
84 461471216 38657186752
85 461410672 39118597424
86 463371160 39581968584
87 458531280 40040499864
88 461425192 40501925056
89 461570280 40963495336
90 461549728 41425045064
91 462808760 41887853824
92 463530184 42351384008
93 461497984 42812881992
94 461467640 43274349632
95 458719912 43733069544
96 461480176 44194549720
97 461423096 44655972816
98 461471416 45117444232
99 460416656 45577860888
