1 85901984 85901984
2 84633720 170535704
3 84534104 255069808
4 84754128 339823936
5 84673688 424497624
6 84687328 509184952
7 84577304 593762256
8 83783128 677545384
9 83788120 761333504
10 85352672 846686176
11 83843072 930529248
12 86135376 1016664624
13 84366320 1101030944
14 84820992 1185851936
15 85789520 1271641456
16 85158040 1356799496
17 83862584 1440662080
18 86201000 1526863080
19 86428832 1613291912
20 86095512 1699387424
21 85641312 1785028736
22 85362064 1870390800
23 85618864 1956009664
24 85523128 2041532792
25 84621968 2126154760
26 85998704 2212153464
27 84004432 2296157896
28 85494032 2381651928
29 85716824 2467368752
30 83857344 2551226096
31 84669648 2635895744
32 85252960 2721148704
33 85222824 2806371528
34 85069072 2891440600
35 84620184 2976060784
36 85463824 3061524608
37 85510352 3147034960
38 85281632 3232316592
39 84667752 3316984344
40 84557704 3401542048
41 84727416 3486269464
42 84891744 3571161208
43 84115008 3655276216
44 85416688 3740692904
45 85539232 3826232136
46 84824200 3911056336
47 84571528 3995627864
48 84849760 4080477624
49 84626760 4165104384
50 85645992 4250750376
51 84593680 4335344056
52 84532552 4419876608
53 84516728 4504393336
54 84545600 4588938936
55 84537184 4673476120
56 84796712 4758272832
57 84535704 4842808536
58 84575184 4927383720
59 85561144 5012944864
60 84848192 5097793056
61 84630760 5182423816
62 84771064 5267194880
63 84635104 5351829984
64 84534480 5436364464
65 84482608 5520847072
66 86418792 5607265864
67 84113568 5691379432
68 83810800 5775190232
69 84709264 5859899496
70 84485832 5944385328
71 84825728 6029211056
72 84877184 6114088240
73 84722640 6198810880
74 84757344 6283568224
75 85658720 6369226944
76 84812936 6454039880
77 84825816 6538865696
78 84591904 6623457600
79 84673816 6708131416
80 84792208 6792923624
81 84752416 6877676040
82 84337112 6962013152
83 84668632 7046681784
84 85564008 7132245792
85 85400888 7217646680
86 84751392 7302398072
87 84760968 7387159040
88 84522680 7471681720
89 84568888 7556250608
90 85696728 7641947336
91 84643672 7726591008
92 84746128 7811337136
93 84606200 7895943336
94 84986104 7980929440
95 84616384 8065545824
96 84898160 8150443984
97 84551760 8234995744
98 85722688 8320718432
99 84577088 8405295520
1 85245936 85245936
2 84324880 169570816
3 84275440 253846256
4 84299712 338145968
5 84234120 422380088
6 84407448 506787536
7 84251088 591038624
8 84273792 675312416
9 84377944 759690360
10 84246568 843936928
11 84536424 928473352
12 84287704 1012761056
13 84321992 1097083048
14 84269048 1181352096
15 84261960 1265614056
16 84325480 1349939536
17 84224600 1434164136
18 85201872 1519366008
19 84217640 1603583648
20 84230864 1687814512
21 84205800 1772020312
22 84372544 1856392856
23 84338392 1940731248
24 84472864 2025204112
25 84536840 2109740952
26 84496616 2194237568
27 84439248 2278676816
28 84434512 2363111328
29 84430112 2447541440
30 84380744 2531922184
31 84375248 2616297432
32 84564984 2700862416
33 84183920 2785046336
34 84231960 2869278296
35 84373792 2953652088
36 84205448 3037857536
37 84226456 3122083992
38 84537312 3206621304
39 84311888 3290933192
40 84236480 3375169672
41 84240312 3459409984
42 84177312 3543587296
43 84378520 3627965816
44 84513792 3712479608
45 84311216 3796790824
46 84196648 3880987472
47 84349880 3965337352
48 84223504 4049560856
49 84433728 4133994584
50 84297864 4218292448
51 84309000 4302601448
52 84227152 4386828600
53 84327408 4471156008
54 84287320 4555443328
55 84507880 4639951208
56 84271296 4724222504
57 84370360 4808592864
58 84220944 4892813808
59 84274072 4977087880
60 84221056 5061308936
61 84522448 5145831384
62 84252512 5230083896
63 84238752 5314322648
64 84238704 5398561352
65 84342608 5482903960
66 84234696 5567138656
67 84323296 5651461952
68 84367000 5735828952
69 84274912 5820103864
70 84238672 5904342536
71 84550304 5988892840
72 84232104 6073124944
73 84349480 6157474424
74 84265760 6241740184
75 84294744 6326034928
76 84183344 6410218272
77 84257592 6494475864
78 84571712 6579047576
79 84211528 6663259104
80 86377544 6749636648
81 84265488 6833902136
82 84423960 6918326096
83 84293336 7002619432
84 84234264 7086853696
85 84378480 7171232176
86 84265136 7255497312
87 84243376 7339740688
88 84234720 7423975408
89 84442704 7508418112
90 84268472 7592686584
91 84259720 7676946304
92 84240144 7761186448
93 84351656 7845538104
94 84487488 7930025592
95 84252864 8014278456
96 84314688 8098593144
97 84308128 8182901272
98 84318240 8267219512
99 84232896 8351452408
1 85197272 85197272
2 84280456 169477728
3 84320912 253798640
4 84510720 338309360
5 84316552 422625912
6 84306048 506931960
7 84261472 591193432
8 84276496 675469928
9 84257856 759727784
10 84254792 843982576
11 84281312 928263888
12 84401856 1012665744
13 84316704 1096982448
14 84286608 1181269056
15 84318160 1265587216
16 84287400 1349874616
17 84405080 1434279696
18 84357824 1518637520
19 84259888 1602897408
20 84364656 1687262064
21 84415064 1771677128
22 84280344 1855957472
23 84363072 1940320544
24 84383240 2024703784
25 84417528 2109121312
26 84274944 2193396256
27 84424024 2277820280
28 84269064 2362089344
29 84247672 2446337016
30 84279736 2530616752
31 84280816 2614897568
32 84431952 2699329520
33 84219400 2783548920
34 84324656 2867873576
35 84325080 2952198656
36 84317960 3036516616
37 84306224 3120822840
38 84268416 3205091256
39 84247288 3289338544
40 84308480 3373647024
41 84451552 3458098576
42 84312464 3542411040
43 84214584 3626625624
44 84317944 3710943568
45 84292848 3795236416
46 84279144 3879515560
47 84322520 3963838080
48 84267080 4048105160
49 84296400 4132401560
50 84196920 4216598480
51 84239672 4300838152
52 84273056 4385111208
53 84356904 4469468112
54 84227008 4553695120
55 84227312 4637922432
56 84285320 4722207752
57 84351352 4806559104
58 84207440 4890766544
59 84248816 4975015360
60 89035000 5064050360
61 84199856 5148250216
62 84283208 5232533424
63 84300784 5316834208
64 84516592 5401350800
65 84308736 5485659536
66 84302056 5569961592
67 84347032 5654308624
68 84227576 5738536200
69 84212592 5822748792
70 84279992 5907028784
71 84240120 5991268904
72 84367144 6075636048
73 84248656 6159884704
74 84277920 6244162624
75 84298328 6328460952
76 84237016 6412697968
77 84267568 6496965536
78 84284168 6581249704
79 84292752 6665542456
80 84469128 6750011584
81 86474888 6836486472
82 83675360 6920161832
83 83664152 7003825984
84 84117280 7087943264
85 87534024 7175477288
86 85877232 7261354520
87 85363904 7346718424
88 85862600 7432581024
89 85772680 7518353704
90 85028488 7603382192
91 84388016 7687770208
92 84448936 7772219144
93 84338912 7856558056
94 84353336 7940911392
95 84290992 8025202384
96 84297208 8109499592
97 84300824 8193800416
98 84362784 8278163200
99 84208472 8362371672
1 85227888 85227888
2 84257664 169485552
3 84210760 253696312
4 84332560 338028872
5 84242984 422271856
6 84271704 506543560
7 84213832 590757392
8 84267016 675024408
9 84294912 759319320
10 84315904 843635224
11 84208832 927844056
12 84213544 1012057600
13 84257208 1096314808
14 84228880 1180543688
15 84233264 1264776952
16 84205824 1348982776
17 84256544 1433239320
18 84268928 1517508248
19 84231360 1601739608
20 84231616 1685971224
21 84266448 1770237672
22 84213552 1854451224
23 84270032 1938721256
24 84367096 2023088352
25 84191520 2107279872
26 84226752 2191506624
27 84251320 2275757944
28 84279096 2360037040
29 84209384 2444246424
30 84205224 2528451648
31 84259192 2612710840
32 84236296 2696947136
33 84227544 2781174680
34 84250648 2865425328
35 84233872 2949659200
36 84221152 3033880352
37 84319752 3118200104
38 84323088 3202523192
39 84169504 3286692696
40 84182648 3370875344
41 84336344 3455211688
42 84327520 3539539208
43 84172856 3623712064
44 84240704 3707952768
45 84169752 3792122520
46 84461928 3876584448
47 84214352 3960798800
48 84486576 4045285376
49 84272280 4129557656
50 84185832 4213743488
51 84155424 4297898912
52 84204408 4382103320
53 84266800 4466370120
54 84194360 4550564480
55 84214696 4634779176
56 84200328 4718979504
57 84413520 4803393024
58 84276152 4887669176
59 84229960 4971899136
60 84233120 5056132256
61 84169648 5140301904
62 84291552 5224593456
63 84257608 5308851064
64 84483136 5393334200
65 84405368 5477739568
66 84258200 5561997768
67 84213440 5646211208
68 84188904 5730400112
69 84249696 5814649808
70 84313312 5898963120
71 84516328 5983479448
72 84174560 6067654008
73 84206704 6151860712
74 84485512 6236346224
75 84250152 6320596376
76 84263344 6404859720
77 84239568 6489099288
78 84234440 6573333728
79 84502656 6657836384
80 84231864 6742068248
81 84222672 6826290920
82 84226832 6910517752
83 84533200 6995050952
84 84394536 7079445488
85 84959936 7164405424
86 84440080 7248845504
87 84330000 7333175504
88 84304272 7417479776
89 84334760 7501814536
90 84244360 7586058896
91 84237568 7670296464
92 84247312 7754543776
93 84271888 7838815664
94 84222592 7923038256
95 84175040 8007213296
96 84164712 8091378008
97 84492912 8175870920
98 84236912 8260107832
99 84188744 8344296576
1 85260376 85260376
2 84325488 169585864
3 84318976 253904840
4 84227520 338132360
5 84215208 422347568
6 84293096 506640664
7 84183904 590824568
8 84150328 674974896
9 84248640 759223536
10 84265168 843488704
11 84321088 927809792
12 84196352 1012006144
13 84272216 1096278360
14 84317992 1180596352
15 84294360 1264890712
16 84462928 1349353640
17 84509800 1433863440
18 84308640 1518172080
19 84238384 1602410464
20 84235800 1686646264
21 84340680 1770986944
22 84277312 1855264256
23 84236424 1939500680
24 84294808 2023795488
25 84361968 2108157456
26 84227864 2192385320
27 84263568 2276648888
28 84275768 2360924656
29 84218696 2445143352
30 84244528 2529387880
31 84192816 2613580696
32 84207504 2697788200
33 84243592 2782031792
34 84338328 2866370120
35 84213192 2950583312
36 84165848 3034749160
37 84313992 3119063152
38 84213728 3203276880
39 84190176 3287467056
40 84511632 3371978688
41 84203272 3456181960
42 84311344 3540493304
43 84224336 3624717640
44 84215448 3708933088
45 84240224 3793173312
46 84459848 3877633160
47 84519040 3962152200
48 84439184 4046591384
49 84270424 4130861808
50 84388976 4215250784
51 84216288 4299467072
52 84402840 4383869912
53 84263880 4468133792
54 84255712 4552389504
55 84338168 4636727672
56 84215336 4720943008
57 84343512 4805286520
58 84266832 4889553352
59 84475888 4974029240
60 84215848 5058245088
61 84340736 5142585824
62 84472248 5227058072
63 84197456 5311255528
64 84245480 5395501008
65 88932176 5484433184
66 83615384 5568048568
67 83615952 5651664520
68 83581824 5735246344
69 83610184 5818856528
70 83609408 5902465936
71 83593736 5986059672
72 83499432 6069559104
73 83609688 6153168792
74 83601392 6236770184
75 83582816 6320353000
76 83573696 6403926696
77 83590072 6487516768
78 83577632 6571094400
79 83658320 6654752720
80 83641184 6738393904
81 83597656 6821991560
82 83587464 6905579024
83 83602128 6989181152
84 83606656 7072787808
85 83601432 7156389240
86 83599272 7239988512
87 83586240 7323574752
88 84225512 7407800264
89 85331000 7493131264
90 84307600 7577438864
91 84387904 7661826768
92 84230632 7746057400
93 84596696 7830654096
94 84183680 7914837776
95 84230088 7999067864
96 84219312 8083287176
97 84271528 8167558704
98 84278896 8251837600
99 84416176 8336253776
1 85241536 85241536
2 84398248 169639784
3 84220624 253860408
4 84285224 338145632
5 84233328 422378960
6 84287976 506666936
7 84208264 590875200
8 84263880 675139080
9 84379088 759518168
10 84307464 843825632
11 84243048 928068680
12 84232472 1012301152
13 84257152 1096558304
14 84263752 1180822056
15 84220008 1265042064
16 84216616 1349258680
17 84290408 1433549088
18 84194480 1517743568
19 84201112 1601944680
20 84208584 1686153264
21 84297648 1770450912
22 84164104 1854615016
23 84481448 1939096464
24 84307680 2023404144
25 84419368 2107823512
26 84231880 2192055392
27 84233352 2276288744
28 84318704 2360607448
29 84261272 2444868720
30 84225608 2529094328
31 84202312 2613296640
32 84305128 2697601768
33 84298792 2781900560
34 84291040 2866191600
35 84201856 2950393456
36 84264960 3034658416
37 84309696 3118968112
38 84394064 3203362176
39 84220936 3287583112
40 84203808 3371786920
41 84213240 3456000160
42 84353568 3540353728
43 84196976 3624550704
44 84189000 3708739704
45 84232880 3792972584
46 84212472 3877185056
47 84230552 3961415608
48 84274760 4045690368
49 84264536 4129954904
50 84231864 4214186768
51 84316992 4298503760
52 84196224 4382699984
53 84218800 4466918784
54 84328816 4551247600
55 84417176 4635664776
56 84483800 4720148576
57 84303080 4804451656
58 84238976 4888690632
59 84258144 4972948776
60 84252784 5057201560
61 84240224 5141441784
62 84192280 5225634064
63 84261768 5309895832
64 84270152 5394165984
65 84203896 5478369880
66 84548800 5562918680
67 84311800 5647230480
68 84254216 5731484696
69 84265264 5815749960
70 84213568 5899963528
71 84206240 5984169768
72 84233656 6068403424
73 84260752 6152664176
74 84242688 6236906864
75 84232856 6321139720
76 84256712 6405396432
77 84444336 6489840768
78 84480544 6574321312
79 84201720 6658523032
80 84306920 6742829952
81 84201432 6827031384
82 84278576 6911309960
83 84213848 6995523808
84 85357072 7080880880
85 84239824 7165120704
86 84227624 7249348328
87 84256752 7333605080
88 84223168 7417828248
89 84491584 7502319832
90 84216968 7586536800
91 84165576 7670702376
92 86309208 7757011584
93 85597256 7842608840
94 84870128 7927478968
95 84516056 8011995024
96 84449312 8096444336
97 84218368 8180662704
98 84211888 8264874592
99 84282280 8349156872
1 85235048 85235048
2 84188424 169423472
3 84280640 253704112
4 84247864 337951976
5 84242880 422194856
6 84241928 506436784
7 84233968 590670752
8 84391184 675061936
9 84250960 759312896
10 84253392 843566288
11 84385096 927951384
12 84400832 1012352216
13 84229296 1096581512
14 84278984 1180860496
15 84248088 1265108584
16 84311744 1349420328
17 84182856 1433603184
18 84220592 1517823776
19 84249456 1602073232
20 84178744 1686251976
21 84194528 1770446504
22 84275480 1854721984
23 84236856 1938958840
24 84293064 2023251904
25 84246080 2107497984
26 84473472 2191971456
27 84261744 2276233200
28 84232776 2360465976
29 84230824 2444696800
30 84480040 2529176840
31 84343720 2613520560
32 84175528 2697696088
33 84207160 2781903248
34 84225864 2866129112
35 84301640 2950430752
36 84233840 3034664592
37 84238080 3118902672
38 84268568 3203171240
39 84258024 3287429264
40 84181168 3371610432
41 84187936 3455798368
42 84442528 3540240896
43 84229280 3624470176
44 84185080 3708655256
45 84198856 3792854112
46 84277472 3877131584
47 84233120 3961364704
48 84184944 4045549648
49 84205840 4129755488
50 84283512 4214039000
51 84299176 4298338176
52 84200136 4382538312
53 84222888 4466761200
54 84181048 4550942248
55 84307968 4635250216
56 84189984 4719440200
57 84185136 4803625336
58 84243664 4887869000
59 84416264 4972285264
60 84177624 5056462888
61 84192280 5140655168
62 84215848 5224871016
63 84265088 5309136104
64 84221328 5393357432
65 84267864 5477625296
66 84160888 5561786184
67 84261152 5646047336
68 84424136 5730471472
69 84218680 5814690152
70 84504048 5899194200
71 88773624 5987967824
72 83596136 6071563960
73 83605672 6155169632
74 83594232 6238763864
75 83603240 6322367104
76 83598424 6405965528
77 83660848 6489626376
78 83619336 6573245712
79 83560304 6656806016
80 83567416 6740373432
81 83723000 6824096432
82 83597776 6907694208
83 83613696 6991307904
84 83592584 7074900488
85 83594880 7158495368
86 84361880 7242857248
87 84418696 7327275944
88 84254360 7411530304
89 84470576 7496000880
90 84253448 7580254328
91 84228024 7664482352
92 87132912 7751615264
93 84371128 7835986392
94 83703920 7919690312
95 83497936 8003188248
96 83681144 8086869392
97 83968384 8170837776
98 86777552 8257615328
99 85663344 8343278672
1 87653456 87653456
2 85624032 173277488
3 85888608 259166096
4 85725216 344891312
5 85182000 430073312
6 84459000 514532312
7 84354248 598886560
8 84224096 683110656
9 84331056 767441712
10 84452696 851894408
11 84251616 936146024
12 84228944 1020374968
13 84234792 1104609760
14 84229232 1188838992
15 84387296 1273226288
16 84356552 1357582840
17 84229312 1441812152
18 84290656 1526102808
19 84279560 1610382368
20 84495848 1694878216
21 84374856 1779253072
22 84255512 1863508584
23 84324176 1947832760
24 84490680 2032323440
25 84206528 2116529968
26 84264256 2200794224
27 84216856 2285011080
28 84185240 2369196320
29 84337216 2453533536
30 84208472 2537742008
31 84126264 2621868272
32 84255296 2706123568
33 84198880 2790322448
34 84286448 2874608896
35 84193360 2958802256
36 84304248 3043106504
37 84258224 3127364728
38 84343496 3211708224
39 84182128 3295890352
40 84198216 3380088568
41 84238120 3464326688
42 84220512 3548547200
43 84266512 3632813712
44 84272128 3717085840
45 84387104 3801472944
46 84217896 3885690840
47 84166576 3969857416
48 84256360 4054113776
49 84241472 4138355248
50 84233264 4222588512
51 84269952 4306858464
52 84375424 4391233888
53 84246264 4475480152
54 84208272 4559688424
55 84215176 4643903600
56 84189112 4728092712
57 84291416 4812384128
58 84241136 4896625264
59 84352208 4980977472
60 84346328 5065323800
61 84235568 5149559368
62 84271928 5233831296
63 84220000 5318051296
64 84254464 5402305760
65 84472320 5486778080
66 84238664 5571016744
67 84347648 5655364392
68 84245864 5739610256
69 84203400 5823813656
70 84209528 5908023184
71 84241128 5992264312
72 84262232 6076526544
73 84220104 6160746648
74 84243280 6244989928
75 84314088 6329304016
76 84284400 6413588416
77 84189520 6497777936
78 84242608 6582020544
79 84211184 6666231728
80 84301168 6750532896
81 84232240 6834765136
82 84240088 6919005224
83 84204400 7003209624
84 84288656 7087498280
85 84274792 7171773072
86 84408696 7256181768
87 85251656 7341433424
88 84216744 7425650168
89 84327256 7509977424
90 84206672 7594184096
91 84212720 7678396816
92 84322912 7762719728
93 85312392 7848032120
94 84187320 7932219440
95 85831184 8018050624
96 85855880 8103906504
97 85051832 8188958336
98 84552448 8273510784
99 84442424 8357953208
1 85237096 85237096
2 84287184 169524280
3 84281376 253805656
4 84450392 338256048
5 84289368 422545416
6 84418648 506964064
7 84269120 591233184
8 84289656 675522840
9 84260976 759783816
10 84313136 844096952
11 84618640 928715592
12 84306240 1013021832
13 84226448 1097248280
14 84267056 1181515336
15 84408128 1265923464
16 84224896 1350148360
17 84488832 1434637192
18 84248296 1518885488
19 84217592 1603103080
20 84383800 1687486880
21 84678104 1772164984
22 84502296 1856667280
23 84374208 1941041488
24 84217888 2025259376
25 84272776 2109532152
26 84250520 2193782672
27 84201776 2277984448
28 84289384 2362273832
29 84287768 2446561600
30 84229336 2530790936
31 84179248 2614970184
32 84251264 2699221448
33 84276096 2783497544
34 84223600 2867721144
35 84493544 2952214688
36 84208464 3036423152
37 84239280 3120662432
38 84342728 3205005160
39 84263488 3289268648
40 84277992 3373546640
41 84433104 3457979744
42 84281304 3542261048
43 84206152 3626467200
44 84178200 3710645400
45 84221552 3794866952
46 84221776 3879088728
47 84320784 3963409512
48 84234776 4047644288
49 84248480 4131892768
50 84356800 4216249568
51 84189600 4300439168
52 84241520 4384680688
53 84251256 4468931944
54 84274904 4553206848
55 84357024 4637563872
56 84303328 4721867200
57 84346872 4806214072
58 84126432 4890340504
59 87215856 4977556360
60 84689752 5062246112
61 84580848 5146826960
62 84254128 5231081088
63 84239624 5315320712
64 84234088 5399554800
65 84206504 5483761304
66 84303384 5568064688
67 84310640 5652375328
68 84253968 5736629296
69 84259192 5820888488
70 84254456 5905142944
71 84448656 5989591600
72 84244984 6073836584
73 84255336 6158091920
74 84353800 6242445720
75 89127120 6331572840
76 84386496 6415959336
77 84300296 6500259632
78 84225608 6584485240
79 84245200 6668730440
80 84325600 6753056040
81 84539496 6837595536
82 85177104 6922772640
83 84370568 7007143208
84 84281080 7091424288
85 84333416 7175757704
86 84215248 7259972952
87 84309008 7344281960
88 84351128 7428633088
89 84258680 7512891768
90 84297784 7597189552
91 84320600 7681510152
92 84256376 7765766528
93 84270376 7850036904
94 84230224 7934267128
95 84239224 8018506352
96 84239464 8102745816
97 84221400 8186967216
98 84305992 8271273208
99 84242720 8355515928
1 85223648 85223648
2 84517032 169740680
3 84336936 254077616
4 84485504 338563120
5 84241952 422805072
6 84259120 507064192
7 84251152 591315344
8 84260992 675576336
9 84232472 759808808
10 84343312 844152120
11 84268632 928420752
12 84214256 1012635008
13 84213200 1096848208
14 84224808 1181073016
15 84266624 1265339640
16 84231696 1349571336
17 84230904 1433802240
18 84262032 1518064272
19 84319368 1602383640
20 84274928 1686658568
21 84517760 1771176328
22 84268512 1855444840
23 84571496 1940016336
24 84371536 2024387872
25 84203768 2108591640
26 84315792 2192907432
27 84312984 2277220416
28 84276336 2361496752
29 84194104 2445690856
30 84258768 2529949624
31 84251720 2614201344
32 84255256 2698456600
33 84262616 2782719216
34 84250488 2866969704
35 84236824 2951206528
36 84342368 3035548896
37 84242896 3119791792
38 84396920 3204188712
39 84209536 3288398248
40 84281000 3372679248
41 84335960 3457015208
42 84244104 3541259312
43 84329744 3625589056
44 84577032 3710166088
45 85242552 3795408640
46 84247760 3879656400
47 84223496 3963879896
48 84253768 4048133664
49 84272656 4132406320
50 84318376 4216724696
51 84351032 4301075728
52 84216584 4385292312
53 84208928 4469501240
54 84160632 4553661872
55 84189152 4637851024
56 84209424 4722060448
57 84217768 4806278216
58 84201992 4890480208
59 84270424 4974750632
60 84281736 5059032368
61 84251800 5143284168
62 84265552 5227549720
63 84253296 5311803016
64 84288568 5396091584
65 84371776 5480463360
66 84264544 5564727904
67 84320624 5649048528
68 84516272 5733564800
69 84270408 5817835208
70 84209592 5902044800
71 84333664 5986378464
72 84184360 6070562824
73 84240640 6154803464
74 84246520 6239049984
75 84250312 6323300296
76 84226136 6407526432
77 84244528 6491770960
78 84184864 6575955824
79 84250768 6660206592
80 84270152 6744476744
81 84246296 6828723040
82 84229904 6912952944
83 84310480 6997263424
84 84278704 7081542128
85 84220816 7165762944
86 84331432 7250094376
87 84417120 7334511496
88 84223488 7418734984
89 84215648 7502950632
90 84265168 7587215800
91 84274208 7671490008
92 84191448 7755681456
93 84350568 7840032024
94 84238464 7924270488
95 84301600 8008572088
96 84206008 8092778096
97 84205136 8176983232
98 84227280 8261210512
99 84284048 8345494560
1 85211880 85211880
2 84236904 169448784
3 84354040 253802824
4 84289656 338092480
5 84232880 422325360
6 84238712 506564072
7 84503088 591067160
8 83967008 675034168
9 86834408 761868576
10 84369392 846237968
11 84368472 930606440
12 84234312 1014840752
13 84324496 1099165248
14 84320136 1183485384
15 84255208 1267740592
16 84248096 1351988688
17 84483888 1436472576
18 84292864 1520765440
19 84424112 1605189552
20 84335312 1689524864
21 84213496 1773738360
22 84315928 1858054288
23 84330240 1942384528
24 84201648 2026586176
25 84327784 2110913960
26 84310128 2195224088
27 84192248 2279416336
28 84262424 2363678760
29 84325384 2448004144
30 84251056 2532255200
31 84459072 2616714272
32 84202408 2700916680
33 84283152 2785199832
34 84225712 2869425544
35 84245928 2953671472
36 84213928 3037885400
37 84246496 3122131896
38 84233368 3206365264
39 84311368 3290676632
40 84204128 3374880760
41 84264288 3459145048
42 84295144 3543440192
43 84263176 3627703368
44 84377288 3712080656
45 84204336 3796284992
46 84410184 3880695176
47 84234216 3964929392
48 84229800 4049159192
49 84211328 4133370520
50 84254808 4217625328
51 84211480 4301836808
52 84332336 4386169144
53 84256816 4470425960
54 84253016 4554678976
55 84372960 4639051936
56 84486552 4723538488
57 84241608 4807780096
58 84281000 4892061096
59 84225808 4976286904
60 84227592 5060514496
61 84242880 5144757376
62 84324256 5229081632
63 84189032 5313270664
64 84275256 5397545920
65 84249456 5481795376
66 84219176 5566014552
67 84193176 5650207728
68 84208816 5734416544
69 84229744 5818646288
70 84200560 5902846848
71 84415096 5987261944
72 84236280 6071498224
73 84207808 6155706032
74 84272024 6239978056
75 84353632 6324331688
76 84282800 6408614488
77 84545568 6493160056
78 84303328 6577463384
79 89110368 6666573752
80 84499072 6751072824
81 84251720 6835324544
82 84288240 6919612784
83 84220120 7003832904
84 84243128 7088076032
85 84328360 7172404392
86 84219272 7256623664
87 84227384 7340851048
88 84195880 7425046928
89 84240608 7509287536
90 84309248 7593596784
91 84281008 7677877792
92 84802688 7762680480
93 84366080 7847046560
94 85370616 7932417176
95 84249496 8016666672
96 84246392 8100913064
97 84269936 8185183000
98 84364936 8269547936
99 84239848 8353787784
1 85198032 85198032
2 84407184 169605216
3 84253792 253859008
4 84216552 338075560
5 84279952 422355512
6 84372832 506728344
7 84420696 591149040
8 84230824 675379864
9 84476616 759856480
10 84172304 844028784
11 85838576 929867360
12 84281744 1014149104
13 84385088 1098534192
14 84199880 1182734072
15 84213656 1266947728
16 84421992 1351369720
17 84221576 1435591296
18 84242600 1519833896
19 84201448 1604035344
20 84343296 1688378640
21 84503576 1772882216
22 84233784 1857116000
23 84265008 1941381008
24 84349256 2025730264
25 84445904 2110176168
26 84290856 2194467024
27 84502256 2278969280
28 84259888 2363229168
29 84206864 2447436032
30 84221376 2531657408
31 84254184 2615911592
32 84282096 2700193688
33 84285112 2784478800
34 84210320 2868689120
35 84332384 2953021504
36 84312432 3037333936
37 84273360 3121607296
38 84249848 3205857144
39 84418264 3290275408
40 84326648 3374602056
41 84199432 3458801488
42 84235480 3543036968
43 84298248 3627335216
44 84281000 3711616216
45 84252760 3795868976
46 84202552 3880071528
47 84400680 3964472208
48 84275160 4048747368
49 84199848 4132947216
50 84188888 4217136104
51 84175944 4301312048
52 84392384 4385704432
53 84231856 4469936288
54 84227296 4554163584
55 84223504 4638387088
56 84323240 4722710328
57 84291168 4807001496
58 84205480 4891206976
59 84250160 4975457136
60 84236296 5059693432
61 84184808 5143878240
62 84217592 5228095832
63 84280496 5312376328
64 84290984 5396667312
65 84270976 5480938288
66 84197944 5565136232
67 84341376 5649477608
68 84249056 5733726664
69 84317328 5818043992
70 84222448 5902266440
71 84173184 5986439624
72 84271880 6070711504
73 84288688 6155000192
74 84190568 6239190760
75 84223592 6323414352
76 84404744 6407819096
77 84450344 6492269440
78 84272608 6576542048
79 84189784 6660731832
80 84298704 6745030536
81 84317048 6829347584
82 84283680 6913631264
83 84168704 6997799968
84 84259352 7082059320
85 84388528 7166447848
86 84222816 7250670664
87 84514888 7335185552
88 85331000 7420516552
89 84304008 7504820560
90 84215864 7589036424
91 84233816 7673270240
92 84252976 7757523216
93 84342040 7841865256
94 84510848 7926376104
95 84171584 8010547688
96 84284576 8094832264
97 84447128 8179279392
98 84190448 8263469840
99 84220608 8347690448
1 85194392 85194392
2 84217112 169411504
3 84254808 253666312
4 84227432 337893744
5 84321152 422214896
6 84248496 506463392
7 84194360 590657752
8 84170048 674827800
9 84501800 759329600
10 84284216 843613816
11 84262856 927876672
12 84175336 1012052008
13 84242080 1096294088
14 85259744 1181553832
15 84325136 1265878968
16 84370016 1350248984
17 84205560 1434454544
18 84198712 1518653256
19 84293928 1602947184
20 84368112 1687315296
21 84213336 1771528632
22 84313808 1855842440
23 84221616 1940064056
24 84371752 2024435808
25 84313456 2108749264
26 84227432 2192976696
27 84299384 2277276080
28 84239208 2361515288
29 84232080 2445747368
30 84186328 2529933696
31 84470488 2614404184
32 84269816 2698674000
33 84199504 2782873504
34 84238112 2867111616
35 84243184 2951354800
36 84194584 3035549384
37 84227872 3119777256
38 84174496 3203951752
39 84208016 3288159768
40 84209840 3372369608
41 84262000 3456631608
42 84248264 3540879872
43 84180680 3625060552
44 84181888 3709242440
45 84192736 3793435176
46 84144400 3877579576
47 84211312 3961790888
48 84225544 4046016432
49 84360864 4130377296
50 84223664 4214600960
51 84198464 4298799424
52 84230024 4383029448
53 84226288 4467255736
54 84215032 4551470768
55 84224224 4635694992
56 84181824 4719876816
57 84343352 4804220168
58 84235984 4888456152
59 84234336 4972690488
60 84285824 5056976312
61 84209344 5141185656
62 84281856 5225467512
63 84194648 5309662160
64 84198224 5393860384
65 84196120 5478056504
66 84282416 5562338920
67 84270512 5646609432
68 84241936 5730851368
69 84375944 5815227312
70 84240928 5899468240
71 84234608 5983702848
72 84239120 6067941968
73 84252352 6152194320
74 84144840 6236339160
75 84247824 6320586984
76 84259968 6404846952
77 84209824 6489056776
78 84181968 6573238744
79 84168200 6657406944
80 84324960 6741731904
81 84193816 6825925720
82 84204312 6910130032
83 84169840 6994299872
84 88978448 7083278320
85 84194264 7167472584
86 84264896 7251737480
87 84205872 7335943352
88 84220952 7420164304
89 84207720 7504372024
90 84350064 7588722088
91 84186064 7672908152
92 84269088 7757177240
93 84222552 7841399792
94 84293816 7925693608
95 84260824 8009954432
96 84185504 8094139936
97 84205320 8178345256
98 84487648 8262832904
99 84174248 8347007152
1 85254904 85254904
2 84282088 169536992
3 84359056 253896048
4 84209096 338105144
5 84313736 422418880
6 84202464 506621344
7 84300080 590921424
8 84234904 675156328
9 84270728 759427056
10 84263192 843690248
11 84341736 928031984
12 84235680 1012267664
13 84252896 1096520560
14 84260264 1180780824
15 84265432 1265046256
16 84100000 1349146256
17 86607952 1435754208
18 84330872 1520085080
19 84399952 1604485032
20 84242632 1688727664
21 84271352 1772999016
22 84377760 1857376776
23 84277280 1941654056
24 84344912 2025998968
25 84255736 2110254704
26 84353968 2194608672
27 84222744 2278831416
28 84186032 2363017448
29 84229512 2447246960
30 84309880 2531556840
31 84310320 2615867160
32 84241888 2700109048
33 84247400 2784356448
34 84437848 2868794296
35 84318752 2953113048
36 84231080 3037344128
37 84239112 3121583240
38 84300544 3205883784
39 84285544 3290169328
40 84178944 3374348272
41 84328200 3458676472
42 84282128 3542958600
43 84465168 3627423768
44 84521192 3711944960
45 84228216 3796173176
46 84309392 3880482568
47 84510272 3964992840
48 84197528 4049190368
49 84225160 4133415528
50 84256136 4217671664
51 84462920 4302134584
52 84254608 4386389192
53 84277592 4470666784
54 84303120 4554969904
55 84300984 4639270888
56 84231192 4723502080
57 84252160 4807754240
58 84375728 4892129968
59 84278888 4976408856
60 84496800 5060905656
61 84244216 5145149872
62 84307576 5229457448
63 84291872 5313749320
64 84281632 5398030952
65 84473080 5482504032
66 84301528 5566805560
67 84307352 5651112912
68 84244424 5735357336
69 84229696 5819587032
70 84370456 5903957488
71 84192640 5988150128
72 84473768 6072623896
73 84245832 6156869728
74 84241400 6241111128
75 84215936 6325327064
76 84358776 6409685840
77 84236072 6493921912
78 84238984 6578160896
79 84184840 6662345736
80 84324912 6746670648
81 84238688 6830909336
82 84268184 6915177520
83 84284032 6999461552
84 84352632 7083814184
85 84247992 7168062176
86 84215760 7252277936
87 84270840 7336548776
88 84330560 7420879336
89 84238944 7505118280
90 84434504 7589552784
91 84261240 7673814024
92 84341040 7758155064
93 84245912 7842400976
94 84346440 7926747416
95 84301112 8011048528
96 84229680 8095278208
97 84334656 8179612864
98 84199840 8263812704
99 84244240 8348056944
1 85174032 85174032
2 84197112 169371144
3 84250040 253621184
4 84237120 337858304
5 84352800 422211104
6 84249544 506460648
7 84237936 590698584
8 84536472 675235056
9 84248624 759483680
10 83417144 842900824
11 83926336 926827160
12 85630632 1012457792
13 85647448 1098105240
14 85751000 1183856240
15 85751432 1269607672
16 85287376 1354895048
17 85041920 1439936968
18 84762992 1524699960
19 83650856 1608350816
20 84422240 1692773056
21 85983768 1778756824
22 85427968 1864184792
23 85088640 1949273432
24 84572512 2033845944
25 84247232 2118093176
26 84243400 2202336576
27 84268488 2286605064
28 84223352 2370828416
29 84307576 2455135992
30 84283856 2539419848
31 84193920 2623613768
32 84220576 2707834344
33 84172984 2792007328
34 84286800 2876294128
35 84214960 2960509088
36 84243408 3044752496
37 84293808 3129046304
38 84261568 3213307872
39 84273888 3297581760
40 84281992 3381863752
41 84426080 3466289832
42 84298648 3550588480
43 84241760 3634830240
44 84198904 3719029144
45 84268480 3803297624
46 84280024 3887577648
47 84378232 3971955880
48 84228648 4056184528
49 86073472 4142258000
50 84447904 4226705904
51 84313672 4311019576
52 84424512 4395444088
53 84366184 4479810272
54 84276864 4564087136
55 84184392 4648271528
56 84211344 4732482872
57 84380672 4816863544
58 84210320 4901073864
59 84485360 4985559224
60 84241112 5069800336
61 84282184 5154082520
62 84499136 5238581656
63 84391904 5322973560
64 84229648 5407203208
65 84258848 5491462056
66 84218056 5575680112
67 84420240 5660100352
68 84359776 5744460128
69 84251344 5828711472
70 85333992 5914045464
71 84287440 5998332904
72 84258856 6082591760
73 84294896 6166886656
74 84298528 6251185184
75 84205424 6335390608
76 84209928 6419600536
77 84256536 6503857072
78 84232256 6588089328
79 84304304 6672393632
80 84235944 6756629576
81 84261752 6840891328
82 84342248 6925233576
83 84282968 7009516544
84 84498520 7094015064
85 84265088 7178280152
86 84299768 7262579920
87 84351200 7346931120
88 84442920 7431374040
89 84665160 7516039200
90 83895688 7599934888
91 84179968 7684114856
92 84177224 7768292080
93 84415184 7852707264
94 84195152 7936902416
95 84235136 8021137552
96 84296536 8105434088
97 84258528 8189692616
98 84257856 8273950472
99 84259040 8358209512
1 85230760 85230760
2 84470688 169701448
3 84245720 253947168
4 84549248 338496416
5 84273664 422770080
6 84203056 506973136
7 84225968 591199104
8 84364040 675563144
9 84289144 759852288
10 84256280 844108568
11 85117656 929226224
12 85214264 1014440488
13 83778896 1098219384
14 85828600 1184047984
15 85517168 1269565152
16 85064272 1354629424
17 84823968 1439453392
18 84297072 1523750464
19 84531992 1608282456
20 84357928 1692640384
21 84309512 1776949896
22 84073496 1861023392
23 85902544 1946925936
24 84337720 2031263656
25 84437744 2115701400
26 84533512 2200234912
27 84276784 2284511696
28 84270000 2368781696
29 84276448 2453058144
30 84220600 2537278744
31 84220280 2621499024
32 84208400 2705707424
33 84269536 2789976960
34 84203744 2874180704
35 84131496 2958312200
36 84354976 3042667176
37 84283312 3126950488
38 84437744 3211388232
39 84278096 3295666328
40 84186376 3379852704
41 84201992 3464054696
42 84219800 3548274496
43 84196296 3632470792
44 84221616 3716692408
45 84224288 3800916696
46 84197400 3885114096
47 84249472 3969363568
48 84206576 4053570144
49 84200112 4137770256
50 84376280 4222146536
51 84219512 4306366048
52 84281600 4390647648
53 84228592 4474876240
54 84244504 4559120744
55 84203064 4643323808
56 84278488 4727602296
57 84244568 4811846864
58 84214976 4896061840
59 84218392 4980280232
60 84179312 5064459544
61 84236624 5148696168
62 84441360 5233137528
63 84241456 5317378984
64 84283840 5401662824
65 84192144 5485854968
66 84194728 5570049696
67 84306512 5654356208
68 84244944 5738601152
69 84290248 5822891400
70 84228520 5907119920
71 84242168 5991362088
72 84268648 6075630736
73 84286488 6159917224
74 84179616 6244096840
75 84267680 6328364520
76 84200144 6412564664
77 84267504 6496832168
78 84180544 6581012712
79 84290000 6665302712
80 84241104 6749543816
81 84246128 6833789944
82 84255744 6918045688
83 84239704 7002285392
84 84393880 7086679272
85 84325768 7171005040
86 84227232 7255232272
87 84219832 7339452104
88 84332560 7423784664
89 84257920 7508042584
90 84214584 7592257168
91 84259136 7676516304
92 84384936 7760901240
93 84195360 7845096600
94 85347144 7930443744
95 84221576 8014665320
96 84217528 8098882848
97 84380632 8183263480
98 84254424 8267517904
99 84193464 8351711368
1 85214624 85214624
2 84262296 169476920
3 84331240 253808160
4 84296048 338104208
5 84286480 422390688
6 84691264 507081952
7 84449872 591531824
8 84246568 675778392
9 84273056 760051448
10 84320384 844371832
11 84372632 928744464
12 84181208 1012925672
13 84450688 1097376360
14 85147880 1182524240
15 84277328 1266801568
16 84772584 1351574152
17 85330216 1436904368
18 84867568 1521771936
19 84301048 1606072984
20 84400400 1690473384
21 84375744 1774849128
22 84285016 1859134144
23 84254264 1943388408
24 84564544 2027952952
25 84109632 2112062584
26 86586184 2198648768
27 84314632 2282963400
28 84377088 2367340488
29 84536304 2451876792
30 84211328 2536088120
31 84340200 2620428320
32 84279728 2704708048
33 84192888 2788900936
34 84248312 2873149248
35 84294544 2957443792
36 84237664 3041681456
37 84364232 3126045688
38 84260528 3210306216
39 84197736 3294503952
40 84502864 3379006816
41 84336344 3463343160
42 84228880 3547572040
43 84234352 3631806392
44 84277360 3716083752
45 84289768 3800373520
46 84223280 3884596800
47 84262224 3968859024
48 84269280 4053128304
49 84332240 4137460544
50 84233624 4221694168
51 84224024 4305918192
52 84245888 4390164080
53 84235376 4474399456
54 84312392 4558711848
55 84245272 4642957120
56 84261544 4727218664
57 84467896 4811686560
58 84238320 4895924880
59 84305096 4980229976
60 84283200 5064513176
61 84292832 5148806008
62 84280480 5233086488
63 84298912 5317385400
64 84244448 5401629848
65 84329792 5485959640
66 84240200 5570199840
67 84189704 5654389544
68 84260888 5738650432
69 84254160 5822904592
70 84279488 5907184080
71 84438224 5991622304
72 84251640 6075873944
73 84256528 6160130472
74 84238192 6244368664
75 84239216 6328607880
76 84230304 6412838184
77 84240296 6497078480
78 84325056 6581403536
79 84310304 6665713840
80 84229680 6749943520
81 84253984 6834197504
82 84344896 6918542400
83 84288536 7002830936
84 84244896 7087075832
85 84276688 7171352520
86 84274528 7255627048
87 84182928 7339809976
88 84268256 7424078232
89 84487288 7508565520
90 84255096 7592820616
91 84356760 7677177376
92 84266912 7761444288
93 84222824 7845667112
94 84270912 7929938024
95 85761048 8015699072
96 83633544 8099332616
97 83590800 8182923416
98 83612160 8266535576
99 83666696 8350202272
1 85145056 85145056
2 83590688 168735744
3 83630936 252366680
4 83386832 335753512
5 83606192 419359704
6 83595960 502955664
7 83617696 586573360
8 83740360 670313720
9 84521888 754835608
10 84231648 839067256
11 84270416 923337672
12 84230120 1007567792
13 84500536 1092068328
14 84193104 1176261432
15 84216432 1260477864
16 84281128 1344758992
17 84248888 1429007880
18 84174176 1513182056
19 84236128 1597418184
20 84293144 1681711328
21 84299864 1766011192
22 84253656 1850264848
23 84481440 1934746288
24 84355432 2019101720
25 84221736 2103323456
26 84235944 2187559400
27 84206184 2271765584
28 84126688 2355892272
29 85647496 2441539768
30 84431792 2525971560
31 84228016 2610199576
32 84251888 2694451464
33 84243912 2778695376
34 84223056 2862918432
35 84510040 2947428472
36 84254512 3031682984
37 84225312 3115908296
38 84250608 3200158904
39 84247992 3284406896
40 84211440 3368618336
41 84302296 3452920632
42 84286088 3537206720
43 84194712 3621401432
44 84207344 3705608776
45 84279328 3789888104
46 84226296 3874114400
47 84415592 3958529992
48 84220712 4042750704
49 84237728 4126988432
50 84248096 4211236528
51 84242048 4295478576
52 84236744 4379715320
53 84271600 4463986920
54 84226408 4548213328
55 84211360 4632424688
56 84205600 4716630288
57 84194128 4800824416
58 84292096 4885116512
59 84399608 4969516120
60 84247376 5053763496
61 84255656 5138019152
62 84319512 5222338664
63 84206408 5306545072
64 84217632 5390762704
65 84294808 5475057512
66 84279696 5559337208
67 84247096 5643584304
68 84412056 5727996360
69 84244304 5812240664
70 84296584 5896537248
71 84440920 5980978168
72 84247480 6065225648
73 84502536 6149728184
74 84366416 6234094600
75 84207712 6318302312
76 84494192 6402796504
77 84267560 6487064064
78 84192760 6571256824
79 84216928 6655473752
80 84214264 6739688016
81 84304712 6823992728
82 84244480 6908237208
83 84293968 6992531176
84 84168744 7076699920
85 84268896 7160968816
86 84258680 7245227496
87 84242816 7329470312
88 84339704 7413810016
89 84269744 7498079760
90 84298320 7582378080
91 84218984 7666597064
92 84464744 7751061808
93 84489216 7835551024
94 84385984 7919937008
95 84428376 8004365384
96 84482200 8088847584
97 84438384 8173285968
98 84279608 8257565576
99 84214432 8341780008
1 85208976 85208976
2 84309560 169518536
3 84273464 253792000
4 84178400 337970400
5 84284720 422255120
6 84310136 506565256
7 84197928 590763184
8 84283056 675046240
9 84353504 759399744
10 84186176 843585920
11 84296520 927882440
12 84304480 1012186920
13 84442768 1096629688
14 84236504 1180866192
15 84252600 1265118792
16 84301552 1349420344
17 84461656 1433882000
18 84168624 1518050624
19 84204144 1602254768
20 84194776 1686449544
21 84386256 1770835800
22 84232312 1855068112
23 84585424 1939653536
24 84414184 2024067720
25 84223976 2108291696
26 84207656 2192499352
27 84346776 2276846128
28 84322072 2361168200
29 84183584 2445351784
30 84142536 2529494320
31 84377088 2613871408
32 85256848 2699128256
33 84311008 2783439264
34 84177824 2867617088
35 84182656 2951799744
36 84201208 3036000952
37 84316704 3120317656
38 84175200 3204492856
39 84189416 3288682272
40 84240808 3372923080
41 84358368 3457281448
42 84276184 3541557632
43 84374184 3625931816
44 84149984 3710081800
45 84190328 3794272128
46 84201976 3878474104
47 84447968 3962922072
48 84316816 4047238888
49 84360416 4131599304
50 84438360 4216037664
51 84234336 4300272000
52 84214136 4384486136
53 84234208 4468720344
54 84171272 4552891616
55 84182080 4637073696
56 84226864 4721300560
57 84424152 4805724712
58 84226496 4889951208
59 84241728 4974192936
60 84206072 5058399008
61 84229824 5142628832
62 84195312 5226824144
63 84263048 5311087192
64 84313112 5395400304
65 84210352 5479610656
66 84231792 5563842448
67 84226656 5648069104
68 84229032 5732298136
69 84287936 5816586072
70 84166168 5900752240
71 84221456 5984973696
72 84201632 6069175328
73 84217864 6153393192
74 84300760 6237693952
75 84193832 6321887784
76 84187200 6406074984
77 84255472 6490330456
78 84184816 6574515272
79 84217800 6658733072
80 84173192 6742906264
81 84251216 6827157480
82 84277552 6911435032
83 84195456 6995630488
84 84232960 7079863448
85 84341504 7164204952
86 84251536 7248456488
87 84442000 7332898488
88 84200816 7417099304
89 84278688 7501377992
90 84177416 7585555408
91 84207992 7669763400
92 84212984 7753976384
93 84230088 7838206472
94 84161720 7922368192
95 84179584 8006547776
96 84217936 8090765712
97 84179864 8174945576
98 84325752 8259271328
99 88856912 8348128240
1 85189904 85189904
2 84409840 169599744
3 84248672 253848416
4 84306792 338155208
5 84254328 422409536
6 84544768 506954304
7 84272032 591226336
8 84286928 675513264
9 84281520 759794784
10 84239008 844033792
11 84382952 928416744
12 84261568 1012678312
13 84261720 1096940032
14 84251648 1181191680
15 84232576 1265424256
16 84220168 1349644424
17 84299472 1433943896
18 84211600 1518155496
19 84245344 1602400840
20 84287208 1686688048
21 84302056 1770990104
22 84234448 1855224552
23 84350984 1939575536
24 84423328 2023998864
25 84215424 2108214288
26 84522544 2192736832
27 84234824 2276971656
28 84270384 2361242040
29 84285024 2445527064
30 84272688 2529799752
31 84437320 2614237072
32 84248120 2698485192
33 83667088 2782152280
34 83624784 2865777064
35 83591808 2949368872
36 83661280 3033030152
37 83594624 3116624776
38 83605664 3200230440
39 83554784 3283785224
40 83648352 3367433576
41 83612360 3451045936
42 83580952 3534626888
43 83564720 3618191608
44 83581704 3701773312
45 83634368 3785407680
46 83601792 3869009472
47 84226912 3953236384
48 84303152 4037539536
49 84204152 4121743688
50 84214448 4205958136
51 84288160 4290246296
52 84296456 4374542752
53 84189696 4458732448
54 84252616 4542985064
55 84304312 4627289376
56 84195088 4711484464
57 84214288 4795698752
58 84200392 4879899144
59 84225464 4964124608
60 84214144 5048338752
61 84169288 5132508040
62 84212520 5216720560
63 84261200 5300981760
64 84246712 5385228472
65 84190632 5469419104
66 84271912 5553691016
67 84237736 5637928752
68 84316112 5722244864
69 84296384 5806541248
70 84214336 5890755584
71 84225728 5974981312
72 84270992 6059252304
73 84242664 6143494968
74 84281864 6227776832
75 84429088 6312205920
76 84220360 6396426280
77 84238256 6480664536
78 84211464 6564876000
79 84205696 6649081696
80 84316928 6733398624
81 84242864 6817641488
82 84281136 6901922624
83 84512864 6986435488
84 84211896 7070647384
85 84256608 7154903992
86 84291416 7239195408
87 84228880 7323424288
88 84226984 7407651272
89 84227176 7491878448
90 84268216 7576146664
91 84245576 7660392240
92 84220304 7744612544
93 84341624 7828954168
94 84238480 7913192648
95 84235432 7997428080
96 84210680 8081638760
97 84263256 8165902016
98 84225136 8250127152
99 84243184 8334370336
1 85204768 85204768
2 84216168 169420936
3 84327384 253748320
4 84194952 337943272
5 84495400 422438672
6 84305920 506744592
7 84383888 591128480
8 84181888 675310368
9 84284704 759595072
10 84379408 843974480
11 84211400 928185880
12 84251112 1012436992
13 84408552 1096845544
14 84234976 1181080520
15 85391456 1266471976
16 84260752 1350732728
17 84328920 1435061648
18 84252784 1519314432
19 84498504 1603812936
20 84154176 1687967112
21 84570448 1772537560
22 84524936 1857062496
23 84896936 1941959432
24 84374672 2026334104
25 84521248 2110855352
26 84163984 2195019336
27 84242896 2279262232
28 84279304 2363541536
29 84249616 2447791152
30 84198896 2531990048
31 84200784 2616190832
32 84203304 2700394136
33 84427384 2784821520
34 84201560 2869023080
35 84173064 2953196144
36 84305808 3037501952
37 84345192 3121847144
38 84660504 3206507648
39 84195368 3290703016
40 84351448 3375054464
41 84448432 3459502896
42 84234952 3543737848
43 84213800 3627951648
44 84201368 3712153016
45 84346448 3796499464
46 84254928 3880754392
47 84210416 3964964808
48 85055424 4050020232
49 85805464 4135825696
50 84662784 4220488480
51 83764320 4304252800
52 84863632 4389116432
53 85530904 4474647336
54 83602600 4558249936
55 85822512 4644072448
56 86019224 4730091672
57 83676048 4813767720
58 85459648 4899227368
59 86329096 4985556464
60 85710400 5071266864
61 85997200 5157264064
62 85119416 5242383480
63 84256528 5326640008
64 84295296 5410935304
65 84266608 5495201912
66 84306112 5579508024
67 84234288 5663742312
68 84376392 5748118704
69 84235480 5832354184
70 84209232 5916563416
71 84225296 6000788712
72 84255384 6085044096
73 84326344 6169370440
74 84264976 6253635416
75 84214840 6337850256
76 84284912 6422135168
77 84210952 6506346120
78 84192704 6590538824
79 84216568 6674755392
80 84219840 6758975232
81 84291752 6843266984
82 84212656 6927479640
83 84153640 7011633280
84 84268016 7095901296
85 84322592 7180223888
86 84227080 7264450968
87 84204672 7348655640
88 84250416 7432906056
89 84327416 7517233472
90 84237064 7601470536
91 84257096 7685727632
92 84195528 7769923160
93 84248088 7854171248
94 84345776 7938517024
95 84478400 8022995424
96 84201848 8107197272
97 84260344 8191457616
98 84268088 8275725704
99 84259976 8359985680
1 85314256 85314256
2 84226696 169540952
3 84468024 254008976
4 84227008 338235984
5 89026848 427262832
6 84378872 511641704
7 84349120 595990824
8 84238416 680229240
9 84281456 764510696
10 84361552 848872248
11 85230784 934103032
12 84167464 1018270496
13 84364224 1102634720
14 84319328 1186954048
15 84227888 1271181936
16 84224128 1355406064
17 84209976 1439616040
18 84246280 1523862320
19 84372352 1608234672
20 84234880 1692469552
21 84589152 1777058704
22 84049424 1861108128
23 87641688 1948749816
24 84334536 2033084352
25 84431376 2117515728
26 87633080 2205148808
27 84175488 2289324296
28 84697704 2374022000
29 84638632 2458660632
30 84671680 2543332312
31 84467240 2627799552
32 84244016 2712043568
33 83875848 2795919416
34 84204176 2880123592
35 84531096 2964654688
36 84539808 3049194496
37 84368744 3133563240
38 84323472 3217886712
39 84171576 3302058288
40 84481296 3386539584
41 84242584 3470782168
42 84221616 3555003784
43 84225672 3639229456
44 84314432 3723543888
45 84217408 3807761296
46 84193848 3891955144
47 84427504 3976382648
48 84294240 4060676888
49 84338912 4145015800
50 84208840 4229224640
51 84238024 4313462664
52 84241640 4397704304
53 84378024 4482082328
54 84230072 4566312400
55 84282648 4650595048
56 84276008 4734871056
57 84233032 4819104088
58 84275104 4903379192
59 84484000 4987863192
60 84303880 5072167072
61 84385488 5156552560
62 84218536 5240771096
63 84307448 5325078544
64 84262600 5409341144
65 84447544 5493788688
66 84257120 5578045808
67 84332152 5662377960
68 84254376 5746632336
69 84553144 5831185480
70 84207640 5915393120
71 85463656 6000856776
72 84383968 6085240744
73 84242768 6169483512
74 84289808 6253773320
75 84218960 6337992280
76 84246760 6422239040
77 84216328 6506455368
78 84489456 6590944824
79 84249680 6675194504
80 84324368 6759518872
81 84192848 6843711720
82 84299688 6928011408
83 84204904 7012216312
84 84254624 7096470936
85 84209240 7180680176
86 84335368 7265015544
87 84294616 7349310160
88 84217640 7433527800
89 84267328 7517795128
90 84288240 7602083368
91 84200872 7686284240
92 84222840 7770507080
93 84264152 7854771232
94 84210432 7938981664
95 84191488 8023173152
96 84247320 8107420472
97 84396072 8191816544
98 84273696 8276090240
99 84200256 8360290496
1 85284296 85284296
2 84279440 169563736
3 84324648 253888384
4 84305248 338193632
5 84289896 422483528
6 84223960 506707488
7 84364488 591071976
8 84206752 675278728
9 84178072 759456800
10 84363368 843820168
11 84198680 928018848
12 84217240 1012236088
13 84304944 1096541032
14 84204688 1180745720
15 84229040 1264974760
16 84178056 1349152816
17 84263344 1433416160
18 84237376 1517653536
19 84235616 1601889152
20 84182504 1686071656
21 84256688 1770328344
22 84232112 1854560456
23 84276008 1938836464
24 84441600 2023278064
25 84278544 2107556608
26 84444416 2192001024
27 84420328 2276421352
28 84181848 2360603200
29 84188600 2444791800
30 84301384 2529093184
31 84461552 2613554736
32 84413256 2697967992
33 84867664 2782835656
34 84511520 2867347176
35 84434112 2951781288
36 84232056 3036013344
37 84286072 3120299416
38 84280080 3204579496
39 84236544 3288816040
40 84186968 3373003008
41 84250480 3457253488
42 84273864 3541527352
43 84384808 3625912160
44 84211928 3710124088
45 84220000 3794344088
46 84207272 3878551360
47 84259360 3962810720
48 84211280 4047022000
49 84227640 4131249640
50 84213408 4215463048
51 84312992 4299776040
52 84223400 4383999440
53 84177960 4468177400
54 84239520 4552416920
55 84254752 4636671672
56 84221752 4720893424
57 84232200 4805125624
58 84219272 4889344896
59 84342224 4973687120
60 84177720 5057864840
61 84244128 5142108968
62 84192304 5226301272
63 84234280 5310535552
64 84248440 5394783992
65 84460112 5479244104
66 84227440 5563471544
67 84393320 5647864864
68 84345288 5732210152
69 84188112 5816398264
70 84265984 5900664248
71 84213408 5984877656
72 84216952 6069094608
73 84477928 6153572536
74 84261224 6237833760
75 84206032 6322039792
76 84269552 6406309344
77 84279968 6490589312
78 84194264 6574783576
79 84227616 6659011192
80 84242296 6743253488
81 84254240 6827507728
82 84232976 6911740704
83 84160016 6995900720
84 84278680 7080179400
85 84489608 7164669008
86 84199968 7248868976
87 84233232 7333102208
88 84251720 7417353928
89 84331832 7501685760
90 84299824 7585985584
91 84238752 7670224336
92 84324392 7754548728
93 84408272 7838957000
94 84153656 7923110656
95 84201856 8007312512
96 84246528 8091559040
97 84406456 8175965496
98 84208296 8260173792
99 84200392 8344374184
1 85223504 85223504
2 84215328 169438832
3 84178520 253617352
4 84229168 337846520
5 84228576 422075096
6 84362696 506437792
7 88921992 595359784
8 84254976 679614760
9 84302800 763917560
10 84343768 848261328
11 84234048 932495376
12 84166192 1016661568
13 84258720 1100920288
14 84178392 1185098680
15 84220328 1269319008
16 84375880 1353694888
17 84376128 1438071016
18 84714968 1522785984
19 84265864 1607051848
20 84241216 1691293064
21 84323552 1775616616
22 84217920 1859834536
23 84423384 1944257920
24 84186672 2028444592
25 84254976 2112699568
26 84247168 2196946736
27 84261032 2281207768
28 84394544 2365602312
29 84237264 2449839576
30 84263192 2534102768
31 84266032 2618368800
32 84459160 2702827960
33 84363872 2787191832
34 84281056 2871472888
35 84182712 2955655600
36 85240808 3040896408
37 84542192 3125438600
38 84360664 3209799264
39 84191472 3293990736
40 84226808 3378217544
41 84322176 3462539720
42 84287256 3546826976
43 84466328 3631293304
44 84289544 3715582848
45 84201672 3799784520
46 84226760 3884011280
47 84216072 3968227352
48 84263880 4052491232
49 84231352 4136722584
50 84306528 4221029112
51 84313744 4305342856
52 84239864 4389582720
53 84202272 4473784992
54 84189640 4557974632
55 84273600 4642248232
56 84313616 4726561848
57 84294872 4810856720
58 84505440 4895362160
59 84202416 4979564576
60 84189248 5063753824
61 84313632 5148067456
62 84179256 5232246712
63 84153520 5316400232
64 84302768 5400703000
65 84209448 5484912448
66 84269264 5569181712
67 84401360 5653583072
68 84317552 5737900624
69 84212944 5822113568
70 84196056 5906309624
71 84202224 5990511848
72 84280416 6074792264
73 85155296 6159947560
74 84481560 6244429120
75 84286472 6328715592
76 84229416 6412945008
77 84250960 6497195968
78 84201640 6581397608
79 84194824 6665592432
80 84296920 6749889352
81 84493168 6834382520
82 84166272 6918548792
83 84242432 7002791224
84 84245272 7087036496
85 84339848 7171376344
86 84209160 7255585504
87 84249512 7339835016
88 84274160 7424109176
89 84276896 7508386072
90 84219096 7592605168
91 84289760 7676894928
92 84260456 7761155384
93 84182464 7845337848
94 84227224 7929565072
95 84230872 8013795944
96 84279840 8098075784
97 84279312 8182355096
98 84213880 8266568976
99 84280112 8350849088
1 85210104 85210104
2 84283208 169493312
3 84209000 253702312
4 84233880 337936192
5 84309512 422245704
6 84286736 506532440
7 84224920 590757360
8 84392728 675150088
9 84309416 759459504
10 84216576 843676080
11 84225992 927902072
12 84211672 1012113744
13 84260152 1096373896
14 84273416 1180647312
15 84217096 1264864408
16 84230152 1349094560
17 84260608 1433355168
18 84221168 1517576336
19 84216600 1601792936
20 84339400 1686132336
21 84356544 1770488880
22 84417336 1854906216
23 84327280 1939233496
24 84302136 2023535632
25 84225856 2107761488
26 84449464 2192210952
27 84189976 2276400928
28 84223624 2360624552
29 84187512 2444812064
30 84311536 2529123600
31 84224256 2613347856
32 84333216 2697681072
33 84158448 2781839520
34 84378856 2866218376
35 84228680 2950447056
36 84323032 3034770088
37 84237712 3119007800
38 84245624 3203253424
39 84619552 3287872976
40 84758408 3372631384
41 84449384 3457080768
42 84203872 3541284640
43 84177360 3625462000
44 84203032 3709665032
45 84246032 3793911064
46 84270384 3878181448
47 84193208 3962374656
48 84201968 4046576624
49 84267424 4130844048
50 84269600 4215113648
51 84345696 4299459344
52 84185896 4383645240
53 84237192 4467882432
54 84360704 4552243136
55 84242568 4636485704
56 84215632 4720701336
57 84474352 4805175688
58 84210264 4889385952
59 84479584 4973865536
60 84219424 5058084960
61 84297416 5142382376
62 84263736 5226646112
63 84303800 5310949912
64 84293960 5395243872
65 84317384 5479561256
66 84204544 5563765800
67 84482712 5648248512
68 84192512 5732441024
69 84231104 5816672128
70 84224880 5900897008
71 84259808 5985156816
72 84155384 6069312200
73 84315448 6153627648
74 84261568 6237889216
75 84354224 6322243440
76 84175024 6406418464
77 84177648 6490596112
78 84200200 6574796312
79 84224704 6659021016
80 84220232 6743241248
81 84231984 6827473232
82 84193920 6911667152
83 84474096 6996141248
84 84170400 7080311648
85 84204048 7164515696
86 84220152 7248735848
87 84281304 7333017152
88 84205744 7417222896
89 84193968 7501416864
90 84243728 7585660592
91 84312664 7669973256
92 84219208 7754192464
93 84195736 7838388200
94 84363176 7922751376
95 84352216 8007103592
96 84275928 8091379520
97 84185232 8175564752
98 84334696 8259899448
99 84451440 8344350888
